-1 15 15 15
0.000345 0 0 0 N
0.000425 3 3 3 O
0.000429 2 2 2 D
0.000433 4 4 4 P
0.000436 1 1 1 A
0.000439 5 5 5 I
0.000442 6 6 6 E
0.000445 10 10 10 C
0.000448 7 7 7 K
0.000450 8 8 8 U
0.000453 9 9 9 Ń
0.000455 12 12 12 0
0.000457 11 11 11 Z
0.000459 13 13 13 Ś
0.000462 14 14 14 Ć
0.119536 12 12 11 0
0.141704 14 14 13 Ć
0.194679 4 4 5 P
0.211713 3 2 3 O
0.225545 10 10 11 C
0.311410 0 0 14 N
0.343451 5 6 5 I
0.349457 7 8 7 K
0.364459 9 10 9 Ń
0.368480 1 2 1 A
0.399614 10 10 12 C
0.410460 8 8 9 U
0.454429 0 0 13 N
0.489473 9 11 9 Ń
0.538554 12 12 10 0
0.538570 11 12 11 Z
0.571686 4 4 6 P
0.595467 8 8 10 U
0.605463 7 9 7 K
0.612713 14 14 12 Ć
0.612728 13 14 13 Ś
0.618485 1 3 1 A
0.630441 0 0 12 N
0.692686 3 1 3 O
0.692713 2 2 3 D
0.693609 9 12 9 Ń
0.731453 0 0 11 N
0.751617 10 10 13 C
0.762454 5 7 5 I
0.762476 6 6 5 E
0.778725 14 14 11 Ć
0.805624 9 13 9 Ń
0.842513 1 4 1 A
0.854624 11 13 11 Z
0.875605 12 12 9 0
0.907802 13 0 13 Ś
0.911937 5 8 5 I
0.951491 0 0 10 N
0.953742 7 10 7 K
0.970138 8 8 11 U
0.979564 1 5 1 A
0.987610 4 4 7 P
1.055856 10 10 14 C
1.077763 2 2 4 D
1.078813 13 1 13 Ś
1.089486 6 6 4 E
1.105636 9 14 9 Ń
1.148700 3 0 3 O
1.156152 8 8 12 U
1.163624 4 4 8 P
1.171500 0 0 9 N
1.225729 14 14 10 Ć
1.225757 11 14 11 Z
1.267608 7 11 7 K
1.267637 1 6 1 A
1.284639 12 12 8 0
1.293975 5 9 5 I
1.319186 8 8 13 U
1.394879 13 2 13 Ś
1.405802 4 4 9 P
1.421503 6 6 3 E
1.460869 10 10 0 C
1.483617 7 12 7 K
1.508798 2 2 5 D
1.536649 1 7 1 A
1.589192 8 8 14 U
1.591597 0 0 8 N
1.591631 9 0 9 Ń
1.591644 14 14 9 Ć
1.624712 3 14 3 O
1.635775 11 0 11 Z
1.641887 13 3 13 Ś
1.643875 10 10 1 C
1.711808 4 4 10 P
1.742977 5 10 5 I
1.749197 8 8 0 U
1.802665 14 14 8 Ć
1.831805 2 2 6 D
1.855202 8 8 1 U
1.871890 13 4 13 Ś
1.874602 0 0 7 N
1.880523 6 6 2 E
1.893884 10 10 2 C
1.911785 11 1 11 Z
1.939729 3 13 3 O
1.968636 7 13 7 K
1.968650 12 12 7 0
1.974810 2 2 7 D
2.004611 0 0 6 N
2.058678 9 1 9 Ń
2.122672 14 14 7 Ć
2.135995 5 11 5 I
2.168885 4 4 11 P
2.187889 10 10 3 C
2.210615 0 0 5 N
2.229532 6 6 1 E
2.244802 11 2 11 Z
2.291660 12 12 6 0
2.316683 9 2 9 Ń
2.344208 8 8 2 U
2.344219 1 8 1 A
2.344739 3 12 3 O
2.346896 13 5 13 Ś
2.441819 2 2 8 D
2.453689 14 14 6 Ć
2.453702 7 14 7 K
2.475775 3 11 3 O
2.476656 6 6 0 E
2.508223 8 8 3 U
2.508731 12 12 5 0
2.521694 9 3 9 Ń
2.529044 1 9 1 A
2.533379 4 4 12 P
2.556908 13 6 13 Ś
2.569618 0 0 4 N
2.572897 10 10 4 C
2.604667 6 6 14 E
2.729805 11 3 11 Z
2.750821 2 2 9 D
2.791381 4 4 13 P
2.804705 9 4 9 Ń
2.819692 14 14 5 Ć
2.851229 8 8 4 U
2.857807 11 4 11 Z
2.859709 7 0 7 K
2.870148 1 10 1 A
2.903909 10 10 5 C
2.908780 3 10 3 O
2.936401 4 4 14 P
2.947736 12 12 4 0
2.947768 5 12 5 I
2.954635 0 0 3 N
2.956916 13 7 13 Ś
2.956923 6 6 13 E
3.109757 7 1 7 K
3.139516 4 4 0 P
3.142110 5 13 5 I
3.161580 9 5 9 Ń
3.174862 2 2 10 D
3.174962 13 8 13 Ś
3.205860 3 9 3 O
3.209397 10 10 6 C
3.236881 14 14 4 Ć
3.259338 8 8 5 U
3.272611 4 4 1 P
3.281168 5 14 5 I
3.284220 11 5 11 Z
3.305301 1 11 1 A
3.335327 6 6 12 E
3.342491 0 0 2 N
3.378507 10 10 7 C
3.415000 2 2 11 D
3.425932 12 12 3 0
3.473651 9 6 9 Ń
3.528084 2 2 12 D
3.544568 10 10 8 C
3.544686 13 9 13 Ś
3.549350 7 2 7 K
3.556728 3 8 3 O
3.585427 8 8 6 U
3.648551 0 0 1 N
3.663961 14 14 3 Ć
3.673220 5 0 5 I
3.707491 1 12 1 A
3.719669 4 4 2 P
3.725846 2 2 13 D
3.729874 6 6 11 E
3.746432 8 8 7 U
3.769661 9 7 9 Ń
3.852944 12 12 2 0
3.861492 1 13 1 A
3.896743 13 10 13 Ś
3.906576 10 10 9 C
3.929663 9 8 9 Ń
3.935438 8 8 8 U
3.941738 3 7 3 O
4.014966 14 14 2 Ć
4.034360 7 3 7 K
4.050230 5 1 5 I
4.059745 13 11 13 Ś
4.065667 9 9 9 Ń
4.080558 0 0 0 N
4.107578 10 10 10 C
4.118879 11 6 11 Z
4.118888 6 6 10 E
4.188465 8 8 9 U
4.188510 1 14 1 A
4.196894 12 12 1 0
4.214700 4 4 3 P
4.220066 2 2 14 D
4.319241 5 2 5 I
4.332379 7 4 7 K
4.375585 10 10 11 C
4.387754 13 12 13 Ś
4.418563 0 0 14 N
4.438752 3 6 3 O
4.447912 12 12 0 0
4.460468 8 8 10 U
4.529516 1 0 1 A
4.529530 14 14 1 Ć
4.553921 12 12 14 0
4.558166 9 10 9 Ń
4.561272 6 6 9 E
4.571896 11 7 11 Z
4.587770 3 5 3 O
4.600504 8 8 11 U
4.636755 4 4 4 P
4.687089 2 2 0 D
4.704537 1 1 1 A
4.707502 5 3 5 I
4.730680 8 8 12 U
4.734973 11 8 11 Z
4.735087 7 5 7 K
4.735665 14 14 0 Ć
4.736943 10 10 12 C
4.799380 6 6 8 E
4.858891 13 13 13 Ś
4.860893 0 0 13 N
4.893191 5 4 5 I
4.897629 1 2 1 A
4.903370 8 8 13 U
4.957165 10 10 13 C
4.971956 12 12 13 0
4.987040 11 9 11 Z
5.028260 9 11 9 Ń
5.058379 8 8 14 U
5.059196 5 5 5 I
5.059209 4 4 5 P
5.078789 3 4 3 O
5.140784 14 14 14 Ć
5.142919 1 3 1 A
5.144380 10 10 14 C
5.166202 7 6 7 K
5.169289 2 2 1 D
5.169412 13 14 13 Ś
5.181115 4 4 6 P
5.252903 0 0 12 N
5.260221 5 6 5 I
5.279292 2 2 2 D
5.294049 11 10 11 Z
5.359382 10 10 0 C
5.398911 0 0 11 N
5.410270 9 12 9 Ń
5.459212 7 7 7 K
5.459235 6 6 7 E
5.463441 12 12 12 0
5.503809 3 3 3 O
5.506618 2 2 3 D
5.514243 8 8 0 U
5.553054 11 11 11 Z
5.573125 4 4 7 P
5.575246 6 6 6 E
5.600445 13 0 13 Ś
5.600456 14 14 13 Ć
5.605513 1 4 1 A
5.624944 0 0 10 N
5.660229 7 8 7 K
5.677075 11 12 11 Z
5.702665 2 2 4 D
5.717256 5 7 5 I
5.719391 4 4 8 P
5.751419 10 10 1 C
5.771295 8 8 1 U
5.830545 13 1 13 Ś
5.830653 3 2 3 O
5.842493 4 4 9 P
5.855501 5 8 5 I
5.857647 6 6 5 E
5.858596 10 10 2 C
5.878029 0 0 9 N
5.886281 9 13 9 Ń
5.957235 7 9 7 K
5.985299 8 8 2 U
5.986084 11 13 11 Z
5.986094 12 12 11 0
5.994948 6 6 4 E
6.029963 14 14 12 Ć
6.041936 9 14 9 Ń
6.057896 1 5 1 A
6.112694 2 2 5 D
6.124216 5 9 5 I
6.148531 4 4 10 P
6.181704 3 1 3 O
6.202164 12 12 10 0
6.248281 5 10 5 I
6.248314 1 6 1 A
6.286631 13 2 13 Ś
6.297681 10 10 3 C
6.336153 11 14 11 Z
6.374078 0 0 8 N
6.374132 9 0 9 Ń
6.402535 4 4 11 P
6.423710 2 2 6 D
6.431246 7 10 7 K
6.445978 6 6 3 E
6.450166 12 12 9 0
6.456316 8 8 3 U
6.464333 1 7 1 A
6.472291 5 11 5 I
6.495638 13 3 13 Ś
6.549695 10 10 4 C
6.551161 11 0 11 Z
6.551172 14 14 11 Ć
6.597296 7 11 7 K
6.619733 3 0 3 O
6.638221 12 12 8 0
6.658384 1 8 1 A
6.663784 9 1 9 Ń
6.666398 0 0 7 N
6.686813 5 12 5 I
6.701708 13 4 13 Ś
6.705127 10 10 5 C
6.713250 8 8 4 U
6.758813 3 14 3 O
6.825226 12 12 7 0
6.832010 11 1 11 Z
6.839038 14 14 10 Ć
6.845137 0 0 6 N
6.865039 6 6 2 E
6.886677 4 4 12 P
6.907345 8 8 5 U
6.953840 3 13 3 O
6.954242 12 12 6 0
6.954263 7 12 7 K
6.975817 9 2 9 Ń
6.976091 6 6 1 E
6.995858 13 5 13 Ś
7.013134 14 14 9 Ć
7.046058 0 0 5 N
7.057195 10 10 6 C
7.114127 11 2 11 Z
7.150530 1 9 1 A
7.181914 5 13 5 I
7.202530 10 10 7 C
7.202596 0 0 4 N
7.230561 14 14 8 Ć
7.268743 4 4 13 P
7.293877 9 3 9 Ń
7.305335 7 13 7 K
7.321894 3 12 3 O
7.354958 13 6 13 Ś
7.417713 0 0 3 N
7.432194 12 12 5 0
7.442761 6 6 0 E
7.446611 11 3 11 Z
7.459640 1 10 1 A
7.486636 10 10 8 C
7.554477 9 4 9 Ń
7.575605 4 4 14 P
7.581684 13 7 13 Ś
7.602809 6 6 14 E
7.632416 5 14 5 I
7.658706 10 10 9 C
7.661580 12 12 4 0
7.698689 14 14 7 Ć
7.719829 6 6 13 E
7.780428 5 0 5 I
7.780616 11 4 11 Z
7.782903 3 11 3 O
7.782916 12 12 3 0
7.787732 10 10 10 C
7.895730 0 0 2 N
7.912642 1 11 1 A
7.939614 4 4 0 P
8.010698 13 8 13 Ś
8.015482 9 5 9 Ń
8.020625 11 5 11 Z
8.055766 0 0 1 N
8.084837 6 6 12 E
8.116925 12 12 2 0
8.123616 4 4 1 P
8.138691 14 14 6 Ć
8.138701 7 14 7 K
8.139762 10 10 11 C
8.204454 5 1 5 I
8.226650 11 6 11 Z
8.247955 3 10 3 O
8.286755 14 14 5 Ć
8.308691 1 12 1 A
8.318795 4 4 2 P
8.339663 11 7 11 Z
8.342490 9 6 9 Ń
8.411963 3 9 3 O
8.444843 6 6 11 E
8.458457 5 2 5 I
8.485768 10 10 12 C
8.492714 13 9 13 Ś
8.508699 1 13 1 A
8.508714 12 12 1 0
8.536784 0 0 0 N
8.576832 4 4 3 P
8.588788 14 14 4 Ć
8.599741 7 0 7 K
8.640521 9 7 9 Ń
8.727081 3 8 3 O
8.735045 6 6 10 E
8.741531 10 10 13 C
8.777422 0 0 14 N
8.821776 11 8 11 Z
8.862566 5 3 5 I
8.884465 9 8 9 Ń
8.916823 1 14 1 A
8.919024 12 12 0 0
8.959862 7 1 7 K
8.983548 10 10 14 C
8.983588 13 10 13 Ś
9.067958 4 4 4 P
9.070951 14 14 3 Ć
9.081568 6 6 9 E
9.094168 7 2 7 K
9.107840 11 9 11 Z
9.122893 1 0 1 A
9.147142 3 7 3 O
9.161451 9 9 9 Ń
9.181205 14 14 2 Ć
9.224521 0 0 13 N
9.237681 12 12 14 0
9.251623 10 10 0 C
9.253092 1 1 1 A
9.262014 4 4 5 P
9.298147 3 6 3 O
9.312848 11 10 11 Z
9.368020 4 4 6 P
9.368043 5 4 5 I
9.393643 13 11 13 Ś
9.424222 14 14 1 Ć
9.432385 9 10 9 Ń
9.456724 12 12 13 0
9.491249 3 5 3 O
9.509228 7 3 7 K
9.517523 6 6 8 E
9.533104 1 2 1 A
9.534410 9 11 9 Ń
9.565525 0 0 12 N
9.613240 7 4 7 K
9.637223 14 14 0 Ć
9.642053 5 5 5 I
9.651628 10 10 1 C
9.676852 11 11 11 Z
9.746263 3 4 3 O
9.758416 9 12 9 Ń
9.765246 7 5 7 K
9.765262 4 4 7 P
9.796639 10 10 2 C
9.827530 0 0 11 N
9.827729 12 12 12 0
9.827735 13 12 13 Ś
9.956146 1 3 1 A
9.960118 10 10 3 C
9.965923 7 6 7 K
10.001443 9 13 9 Ń
10.045268 3 3 3 O
10.045859 11 12 11 Z
10.049225 14 14 14 Ć
10.074059 5 6 5 I
10.119129 10 10 4 C
10.149547 0 0 10 N
10.174275 4 4 8 P
10.188071 5 7 5 I
10.248742 13 13 13 Ś
10.251933 7 7 7 K
10.251944 6 6 7 E
10.412557 0 0 9 N
10.424147 1 4 1 A
10.432229 14 14 13 Ć
10.457137 10 10 5 C
10.493446 9 14 9 Ń
10.494289 4 4 9 P
10.516866 11 13 11 Z
10.516873 12 12 11 0
10.537274 3 2 3 O
10.591949 7 8 7 K
10.628240 14 14 12 Ć
10.628250 13 14 13 Ś
10.716156 1 5 1 A
10.718566 0 0 8 N
10.731954 6 6 6 E
10.747887 11 14 11 Z
10.819291 4 4 10 P
10.834883 12 12 10 0
10.836142 10 10 6 C
10.844974 6 6 5 E
10.864159 1 6 1 A
10.887573 0 0 7 N
10.966287 3 1 3 O
10.971886 12 12 9 0
10.995959 7 9 7 K
11.016271 13 0 13 Ś
11.074903 11 0 11 Z
11.074922 14 14 11 Ć
11.125145 10 10 7 C
11.183293 4 4 11 P
11.232576 0 0 6 N
11.255163 1 7 1 A
11.291983 6 6 4 E
11.350303 4 4 12 P
11.407297 3 0 3 O
11.420294 13 1 13 Ś
11.424890 12 12 8 0
11.436905 11 1 11 Z
11.497941 14 14 10 Ć
11.522588 0 0 5 N
11.560300 3 14 3 O
11.588990 6 6 3 E
11.621152 10 10 8 C
11.621160 7 10 7 K
11.635308 4 4 13 P
11.741174 1 8 1 A
11.758158 10 10 9 C
11.769316 4 4 14 P
11.790897 12 12 7 0
11.834998 6 6 2 E
11.843298 13 2 13 Ś
11.855182 1 9 1 A
11.918919 11 2 11 Z
11.942312 3 13 3 O
11.983161 10 10 10 C
11.991604 0 0 4 N
12.089171 7 11 7 K
12.095329 4 4 0 P
12.099002 6 6 1 E
12.120905 12 12 6 0
12.142196 1 10 1 A
12.159163 10 10 11 C
12.181966 11 3 11 Z
12.203307 13 3 13 Ś
12.206314 3 12 3 O
12.249650 0 0 3 N
12.317004 6 6 0 E
12.403165 10 10 12 C
12.417319 3 11 3 O
12.418910 12 12 5 0
12.429173 7 12 7 K
12.448661 0 0 2 N
12.458336 4 4 1 P
12.474316 13 4 13 Ś
12.491974 11 4 11 Z
12.558207 1 11 1 A
12.565756 0 0 1 N
12.696977 11 5 11 Z
12.705177 7 13 7 K
12.732770 0 0 0 N
12.773339 4 4 2 P
12.835913 12 12 4 0
12.842779 0 0 14 N
12.895169 10 10 13 C
12.915321 3 10 3 O
12.952981 11 6 11 Z
12.954327 13 5 13 Ś
13.001210 1 12 1 A
13.025182 7 14 7 K
13.112794 0 0 13 N
13.113337 13 6 13 Ś
13.171347 4 4 3 P
13.189329 3 9 3 O
13.256918 12 12 3 0
13.290986 11 7 11 Z
13.310340 13 7 13 Ś
13.313213 1 13 1 A
13.381354 4 4 4 P
13.387171 10 10 14 C
13.445344 13 8 13 Ś
13.458797 0 0 12 N
13.459188 7 0 7 K
13.460995 11 8 11 Z
13.496370 4 4 5 P
13.589803 0 0 11 N
13.637929 12 12 2 0
13.649218 1 14 1 A
13.671386 3 8 3 O
13.699347 13 9 13 Ś
13.737007 11 9 11 Z
13.752199 7 1 7 K
13.770819 0 0 10 N
13.774190 10 10 0 C
13.776389 3 7 3 O
13.876380 4 4 6 P
13.886888 0 0 9 N
13.910407 13 10 13 Ś
13.958934 12 12 1 0
13.985229 1 0 1 A
13.992009 11 10 11 Z
14.023207 7 2 7 K
14.024422 3 6 3 O
14.165945 0 0 8 N
14.169234 1 1 1 A
14.207413 13 11 13 Ś
14.230021 11 11 11 Z
14.247193 10 10 1 C
14.306947 0 0 7 N
14.318209 7 3 7 K
14.354385 4 4 7 P
14.393237 10 10 2 C
14.431239 1 2 1 A
14.434445 3 5 3 O
14.521443 13 12 13 Ś
14.620502 4 4 8 P
14.625025 11 12 11 Z
14.679454 3 4 3 O
14.683214 7 4 7 K
14.696949 0 0 6 N
14.800446 13 13 13 Ś
14.843953 0 0 5 N
14.846465 3 3 3 O
14.893256 1 3 1 A
14.921033 11 13 11 Z
14.942519 4 4 9 P
14.965470 3 2 3 O
14.979984 0 0 4 N
15.072485 3 1 3 O
15.154456 13 14 13 Ś
15.233997 0 0 3 N
15.272463 13 0 13 Ś
15.350147 11 14 11 Z
15.370263 1 4 1 A
15.378525 4 4 10 P
15.529267 1 5 1 A
15.572527 4 4 11 P
15.626466 13 1 13 Ś
15.660015 0 0 2 N
15.660029 3 0 3 O
15.799152 11 0 11 Z
15.810271 1 6 1 A
15.845040 3 14 3 O
15.999482 13 2 13 Ś
16.063547 4 4 12 P
16.089021 0 0 1 N
16.091157 11 1 11 Z
16.201060 3 13 3 O
16.223073 0 0 0 N
16.270278 1 7 1 A
16.350487 13 3 13 Ś
16.364553 4 4 13 P
16.386081 0 0 14 N
16.417160 3 12 3 O
16.523171 11 2 11 Z
16.672169 3 11 3 O
16.689240 11 3 11 Z
16.830556 4 4 14 P
16.830575 13 4 13 Ś
16.887188 3 10 3 O
16.967584 13 5 13 Ś
16.988574 4 4 0 P
17.053209 3 9 3 O
17.128252 11 4 11 Z
17.289589 4 4 1 P
17.325590 13 6 13 Ś
17.413218 3 8 3 O
17.446267 11 5 11 Z
17.604592 4 4 2 P
17.736599 13 7 13 Ś
17.803288 3 7 3 O
17.804596 4 4 3 P
17.826277 11 6 11 Z
17.937295 3 6 3 O
17.956636 13 8 13 Ś
17.965607 4 4 4 P
18.001289 11 7 11 Z
18.161617 4 4 5 P
18.190299 3 5 3 O
18.274293 11 8 11 Z
18.426647 13 9 13 Ś
18.588301 11 9 11 Z
18.617627 4 4 6 P
18.637343 3 4 3 O
18.814678 13 10 13 Ś
18.988319 11 10 11 Z
19.012710 13 11 13 Ś
19.134354 3 3 3 O
19.161730 13 12 13 Ś
19.368754 13 13 13 Ś
19.453323 11 11 11 Z
19.598364 3 2 3 O
19.629325 11 12 11 Z
19.693763 13 14 13 Ś
19.930337 11 13 11 Z
20.051368 3 1 3 O
20.054356 11 14 11 Z
20.088783 13 0 13 Ś
20.218375 3 0 3 O
20.241371 11 0 11 Z
20.244786 13 1 13 Ś
20.350811 13 2 13 Ś
20.480820 13 3 13 Ś
20.564389 3 14 3 O
20.680375 11 1 11 Z
20.734411 3 13 3 O
20.809829 13 4 13 Ś
20.864426 3 12 3 O
21.076833 13 5 13 Ś
21.130380 11 2 11 Z
21.291430 3 11 3 O
21.530447 3 10 3 O
21.543836 13 6 13 Ś
21.590407 11 3 11 Z
21.755451 3 9 3 O
21.875409 11 4 11 Z
21.965454 3 8 3 O
22.018839 13 7 13 Ś
22.200417 11 5 11 Z
22.310430 11 6 11 Z
22.328458 3 7 3 O
22.509454 11 7 11 Z
22.517842 13 8 13 Ś
22.680851 13 9 13 Ś
22.718457 11 8 11 Z
22.825491 3 6 3 O
22.828492 11 9 11 Z
23.043497 11 10 11 Z
23.170865 13 10 13 Ś
23.280501 11 11 11 Z
23.281890 13 11 13 Ś
23.319498 3 5 3 O
23.529507 3 4 3 O
23.678893 13 12 13 Ś
23.771509 11 12 11 Z
23.880521 11 13 11 Z
23.880546 3 3 3 O
23.987559 3 2 3 O
24.111913 13 13 13 Ś
24.196537 11 14 11 Z
24.310562 3 1 3 O
24.415540 11 0 11 Z
24.503927 13 14 13 Ś
24.519571 3 0 3 O
24.659940 13 0 13 Ś
24.686574 3 14 3 O
24.787587 3 13 3 O
24.897545 11 1 11 Z
25.027964 13 1 13 Ś
25.161590 3 12 3 O
25.223550 11 2 11 Z
25.249973 13 2 13 Ś
25.280605 3 11 3 O
25.440705 11 3 11 Z
25.639976 13 3 13 Ś
25.679724 11 4 11 Z
25.745609 3 10 3 O
25.943613 3 9 3 O
25.959981 13 4 13 Ś
26.037727 11 5 11 Z
26.191984 13 5 13 Ś
26.328731 11 6 11 Z
26.386632 3 8 3 O
26.545636 3 7 3 O
26.600041 13 6 13 Ś
26.784780 11 7 11 Z
26.829047 13 7 13 Ś
26.934642 3 6 3 O
27.056647 3 5 3 O
27.129794 11 8 11 Z
27.179060 13 8 13 Ś
27.353660 3 4 3 O
27.360119 13 9 13 Ś
27.616823 11 9 11 Z
27.640126 13 10 13 Ś
27.798136 13 11 13 Ś
27.818669 3 3 3 O
27.866832 11 10 11 Z
27.932207 13 12 13 Ś
28.112843 11 11 11 Z
28.281724 3 2 3 O
28.421221 13 13 13 Ś
28.444730 3 1 3 O
28.521855 11 12 11 Z
28.531228 13 14 13 Ś
28.636246 13 0 13 Ś
28.700733 3 0 3 O
28.999271 13 1 13 Ś
29.181278 13 2 13 Ś
29.470282 13 3 13 Ś
