-1 15 15 15
0.000223 3 3 3 O
0.000233 2 2 2 D
0.000234 4 4 4 P
0.000236 0 0 0 N
0.000237 5 5 5 I
0.000239 1 1 1 A
0.000240 9 9 9 Ń
0.000241 6 6 6 E
0.000242 7 7 7 K
0.000243 8 8 8 U
0.000244 14 14 14 Ć
0.000245 10 10 10 C
0.000246 11 11 11 Z
0.000247 12 12 12 0
0.000248 13 13 13 Ś
0.134584 12 12 13 0
0.141933 11 12 11 Z
0.143782 9 10 9 Ń
0.145964 1 0 1 A
0.172252 2 2 3 D
0.226306 7 6 7 K
0.241357 6 6 5 E
0.283588 12 12 14 0
0.294267 4 4 5 P
0.304333 14 14 0 Ć
0.308967 1 14 1 A
0.308995 0 0 1 N
0.326304 8 8 7 U
0.333259 2 2 4 D
0.333277 3 2 3 O
0.379840 9 11 9 Ń
0.379873 10 10 9 C
0.415099 13 12 13 Ś
0.479283 3 1 3 O
0.487946 11 13 11 Z
0.541415 6 6 4 E
0.541447 5 6 5 I
0.563308 8 8 6 U
0.598889 10 10 8 C
0.610109 11 14 11 Z
0.634000 1 13 1 A
0.634031 14 14 1 Ć
0.647561 0 0 2 N
0.690976 7 5 7 K
0.693174 4 4 6 P
0.714404 9 12 9 Ń
0.743571 11 0 11 Z
0.750762 3 0 3 O
0.751904 8 8 5 U
0.756005 12 12 0 0
0.813140 2 2 5 D
0.816352 14 14 2 Ć
0.830454 5 7 5 I
0.854913 10 10 7 C
0.864101 13 11 13 Ś
0.865413 9 13 9 Ń
0.865907 8 8 4 U
0.910610 11 1 11 Z
0.945143 2 2 6 D
1.013005 1 12 1 A
1.028420 6 6 3 E
1.035951 8 8 3 U
1.055139 13 10 13 Ś
1.143492 9 14 9 Ń
1.143774 3 14 3 O
1.143790 0 0 3 N
1.154045 7 4 7 K
1.157125 1 11 1 A
1.157142 12 12 1 0
1.215590 5 8 5 I
1.226204 2 2 7 D
1.226916 10 10 6 C
1.261198 13 9 13 Ś
1.300118 8 8 2 U
1.305626 11 2 11 Z
1.329441 12 12 2 0
1.363098 7 3 7 K
1.363134 4 4 7 P
1.376892 3 13 3 O
1.376916 14 14 3 Ć
1.382250 1 10 1 A
1.416947 10 10 5 C
1.442147 6 6 2 E
1.494470 14 14 4 Ć
1.500644 5 9 5 I
1.503749 0 0 4 N
1.510851 2 2 8 D
1.544037 8 8 1 U
1.598157 9 0 9 Ń
1.598199 4 4 8 P
1.598202 7 2 7 K
1.665294 10 10 4 C
1.696504 0 0 5 N
1.699665 11 3 11 Z
1.710818 3 12 3 O
1.720012 13 8 13 Ś
1.751118 2 2 9 D
1.794340 14 14 5 Ć
1.796412 9 1 9 Ń
1.802510 4 4 9 P
1.842300 1 9 1 A
1.854667 11 4 11 Z
1.866064 8 8 0 U
1.874723 5 10 5 I
1.906507 0 0 6 N
1.940185 6 6 1 E
2.010675 11 5 11 Z
2.052389 14 14 6 Ć
2.091209 7 1 7 K
2.095972 3 11 3 O
2.095988 12 12 3 0
2.113564 0 0 7 N
2.113635 4 4 10 P
2.114403 10 10 3 C
2.119745 11 6 11 Z
2.178079 13 7 13 Ś
2.191172 8 8 14 U
2.225184 2 2 10 D
2.225218 9 2 9 Ń
2.247158 12 12 4 0
2.300856 1 8 1 A
2.316052 13 6 13 Ś
2.346275 14 14 7 Ć
2.367378 5 11 5 I
2.381621 6 6 0 E
2.407711 10 10 2 C
2.441928 3 10 3 O
2.444165 9 3 9 Ń
2.457288 11 7 11 Z
2.464415 4 4 11 P
2.491585 13 5 13 Ś
2.507822 0 0 8 N
2.509893 14 14 8 Ć
2.529030 5 12 5 I
2.545236 8 8 13 U
2.573450 4 4 12 P
2.575212 7 0 7 K
2.640825 0 0 9 N
2.642246 2 2 11 D
2.692651 6 6 14 E
2.751229 9 4 9 Ń
2.751871 1 7 1 A
2.764629 13 4 13 Ś
2.816927 14 14 9 Ć
2.818249 2 2 12 D
2.846763 10 10 1 C
2.855415 8 8 12 U
2.856274 5 13 5 I
2.856290 12 12 5 0
2.858956 3 9 3 O
2.864362 7 14 7 K
2.865367 11 8 11 Z
2.948968 14 14 10 Ć
2.972659 6 6 13 E
3.031366 7 13 7 K
3.040807 10 10 0 C
3.073905 1 6 1 A
3.098886 0 0 10 N
3.127294 9 5 9 Ń
3.164700 6 6 12 E
3.177038 3 8 3 O
3.206340 12 12 6 0
3.212532 11 9 11 Z
3.218460 8 8 11 U
3.225631 13 3 13 Ś
3.225655 4 4 13 P
3.246956 10 10 14 C
3.249025 2 2 13 D
3.266280 7 12 7 K
3.293480 9 6 9 Ń
3.323675 5 14 5 I
3.348866 14 14 11 Ć
3.364054 8 8 10 U
3.370266 1 5 1 A
3.395466 6 6 11 E
3.444682 7 11 7 K
3.446928 5 0 5 I
3.462095 2 2 14 D
3.462130 13 2 13 Ś
3.465049 0 0 11 N
3.477447 8 8 9 U
3.515700 12 12 7 0
3.519982 4 4 14 P
3.531091 3 7 3 O
3.570204 9 7 9 Ń
3.595419 11 10 11 Z
3.601614 1 4 1 A
3.614767 10 10 13 C
3.622904 13 1 13 Ś
3.636121 3 6 3 O
3.668205 12 12 8 0
3.699497 8 8 8 U
3.701652 14 14 12 Ć
3.708773 9 8 9 Ń
3.739935 13 0 13 Ś
3.753029 11 11 11 Z
3.789132 3 5 3 O
3.790175 6 6 10 E
3.799301 4 4 0 P
3.836507 7 10 7 K
3.885594 0 0 12 N
3.889710 14 14 13 Ć
3.893850 2 2 0 D
3.927959 5 1 5 I
3.983097 12 12 9 0
3.987263 1 3 1 A
3.988384 8 8 7 U
3.996495 10 10 12 C
4.072709 6 6 9 E
4.072746 3 4 3 O
4.099860 10 10 11 C
4.117000 4 4 1 P
4.124226 5 2 5 I
4.125291 1 2 1 A
4.127375 11 12 11 Z
4.151889 9 9 9 Ń
4.169851 14 14 14 Ć
4.205978 13 14 13 Ś
4.206005 0 0 13 N
4.268118 4 4 2 P
4.271416 6 6 8 E
4.312682 7 9 7 K
4.316003 9 10 9 Ń
4.330386 5 3 5 I
4.336315 1 1 1 A
4.353537 8 8 6 U
4.376665 10 10 10 C
4.387764 14 14 0 Ć
4.400847 3 3 3 O
4.400872 4 4 3 P
4.401210 12 12 10 0
4.422317 0 0 14 N
4.480437 6 6 7 E
4.504616 4 4 4 P
4.526772 8 8 5 U
4.552467 11 13 11 Z
4.588772 7 8 7 K
4.605850 3 2 3 O
4.616005 9 11 9 Ń
4.616029 10 10 9 C
4.649169 0 0 0 N
4.653390 1 0 1 A
4.660580 13 13 13 Ś
4.731781 5 4 5 I
4.757900 3 1 3 O
4.761038 12 12 11 0
4.763129 1 14 1 A
4.809807 8 8 4 U
4.830172 0 0 1 N
4.878516 11 14 11 Z
4.904891 5 5 5 I
4.911133 1 13 1 A
4.911157 14 14 1 Ć
4.922209 6 6 6 E
4.955406 13 12 13 Ś
4.967527 7 7 7 K
4.982655 4 4 5 P
4.982697 3 0 3 O
5.023791 0 0 2 N
5.040905 9 12 9 Ń
5.045039 10 10 8 C
5.070161 7 6 7 K
5.113313 12 12 12 0
5.137425 13 11 13 Ś
5.138507 4 4 6 P
5.139581 14 14 2 Ć
5.200028 9 13 9 Ń
5.227847 8 8 3 U
5.235964 5 6 5 I
5.253063 10 10 7 C
5.284804 3 14 3 O
5.284824 0 0 3 N
5.319138 1 12 1 A
5.377641 11 0 11 Z
5.388359 12 12 13 0
5.392864 8 8 2 U
5.408968 5 7 5 I
5.408991 6 6 5 E
5.420093 10 10 6 C
5.449549 13 10 13 Ś
5.482834 0 0 4 N
5.488602 4 4 7 P
5.528359 7 5 7 K
5.546032 9 14 9 Ń
5.587006 5 8 5 I
5.675984 8 8 1 U
5.732811 3 13 3 O
5.732848 14 14 3 Ć
5.737971 12 12 14 0
5.756271 9 0 9 Ń
5.760452 11 1 11 Z
5.766579 1 11 1 A
5.799773 6 6 4 E
5.817978 4 4 8 P
5.820043 10 10 5 C
5.821179 13 9 13 Ś
5.847295 3 12 3 O
5.868445 1 10 1 A
5.912587 6 6 3 E
5.919801 8 8 0 U
5.951899 0 0 5 N
5.965108 7 4 7 K
5.976225 12 12 0 0
5.991333 9 1 9 Ń
6.054560 14 14 4 Ć
6.080721 5 9 5 I
6.086827 3 11 3 O
6.114012 4 4 9 P
6.114166 10 10 4 C
6.116348 13 8 13 Ś
6.169545 6 6 2 E
6.171608 11 2 11 Z
6.206726 1 9 1 A
6.206757 7 3 7 K
6.235879 14 14 5 Ć
6.282980 8 8 14 U
6.301174 12 12 1 0
6.322275 5 10 5 I
6.330581 9 2 9 Ń
6.391659 11 3 11 Z
6.435912 0 0 6 N
6.445770 7 2 7 K
6.449272 12 12 2 0
6.452027 4 4 10 P
6.471842 3 10 3 O
6.490772 1 8 1 A
6.495828 11 4 11 Z
6.556369 8 8 13 U
6.556397 13 7 13 Ś
6.568551 14 14 6 Ć
6.604715 3 9 3 O
6.605795 5 11 5 I
6.613872 6 6 1 E
6.644987 9 3 9 Ń
6.715192 13 6 13 Ś
6.716224 6 6 0 E
6.743419 0 0 7 N
6.749596 12 12 3 0
6.823693 7 1 7 K
6.925235 6 6 14 E
6.947991 9 4 9 Ń
6.981780 1 7 1 A
6.985624 14 14 7 Ć
6.987844 11 5 11 Z
6.987859 4 4 11 P
7.064672 5 12 5 I
7.092723 3 8 3 O
7.093460 0 0 8 N
7.093476 7 0 7 K
7.115767 12 12 4 0
7.158639 13 5 13 Ś
7.207909 5 13 5 I
7.287158 6 6 13 E
7.328435 14 14 8 Ć
7.331517 4 4 12 P
7.345732 9 5 9 Ń
7.378813 12 12 5 0
7.400070 3 7 3 O
7.401196 11 6 11 Z
7.415312 7 14 7 K
7.417543 5 14 5 I
7.424632 1 6 1 A
7.434782 14 14 9 Ć
7.467998 0 0 9 N
7.514333 11 7 11 Z
7.580492 9 6 9 Ń
7.619677 13 4 13 Ś
7.662874 12 12 6 0
7.680994 6 6 12 E
7.705059 0 0 10 N
7.816317 7 13 7 K
7.825590 9 7 9 Ń
7.869677 1 5 1 A
7.875587 5 0 5 I
7.944923 12 12 7 0
7.955690 13 3 13 Ś
7.955726 4 4 13 P
7.978533 11 8 11 Z
8.035924 6 6 11 E
8.058827 1 4 1 A
8.079926 12 12 8 0
8.079955 7 12 7 K
8.114728 11 9 11 Z
8.145195 0 0 11 N
8.171395 6 6 10 E
8.200582 1 3 1 A
8.205818 9 8 9 Ń
8.249086 4 4 14 P
8.249157 5 1 5 I
8.369264 13 2 13 Ś
8.402511 11 10 11 Z
8.416713 4 4 0 P
8.463840 6 6 9 E
8.490200 12 12 9 0
8.502293 9 9 9 Ń
8.515550 11 11 11 Z
8.522814 5 2 5 I
8.535007 1 2 1 A
8.546130 7 11 7 K
8.586267 0 0 12 N
8.587315 6 6 8 E
8.643420 9 10 9 Ń
8.657610 13 1 13 Ś
8.673809 11 12 11 Z
8.732970 6 6 7 E
8.842189 12 12 10 0
8.848459 4 4 1 P
8.854561 7 10 7 K
8.859653 5 3 5 I
8.862739 9 11 9 Ń
8.877859 1 1 1 A
8.908970 0 0 13 N
9.015208 4 4 2 P
9.034430 11 13 11 Z
9.116508 0 0 14 N
9.141683 5 4 5 I
9.166809 9 12 9 Ń
9.201974 6 6 6 E
9.261112 12 12 11 0
9.265322 0 0 0 N
9.288443 5 5 5 I
9.295610 1 0 1 A
9.337828 7 9 7 K
9.421912 5 6 5 I
9.426092 1 14 1 A
9.455197 4 4 3 P
9.489423 11 14 11 Z
9.507622 12 12 12 0
9.513779 9 13 9 Ń
9.572333 0 0 1 N
9.696426 11 0 11 Z
9.802887 7 8 7 K
9.820217 4 4 4 P
9.852957 5 7 5 I
9.852991 6 6 5 E
9.917720 11 1 11 Z
9.938627 12 12 13 0
9.967344 0 0 2 N
10.066996 7 7 7 K
10.113785 11 2 11 Z
10.204960 5 8 5 I
10.209630 12 12 14 0
10.257221 4 4 5 P
10.292000 6 6 4 E
10.317788 11 3 11 Z
10.375998 7 6 7 K
10.410651 12 12 0 0
10.446485 0 0 3 N
10.491003 6 6 3 E
10.630495 0 0 4 N
10.633963 5 9 5 I
10.677027 6 6 2 E
10.732279 4 4 6 P
10.775888 11 4 11 Z
10.778498 0 0 5 N
10.845027 7 5 7 K
10.850656 12 12 1 0
10.994512 0 0 6 N
11.052021 5 10 5 I
11.055029 7 4 7 K
11.068720 12 12 2 0
11.087926 11 5 11 Z
11.168071 6 6 1 E
11.295734 12 12 3 0
11.336025 5 11 5 I
11.339515 0 0 7 N
11.395943 11 6 11 Z
11.409034 7 3 7 K
11.409062 4 4 7 P
11.496040 5 12 5 I
11.551740 12 12 4 0
11.604526 0 0 8 N
11.655118 4 4 8 P
11.665135 6 6 0 E
11.697947 11 7 11 Z
11.762073 7 2 7 K
11.782078 5 13 5 I
