1000	1	7
1000	1	6
1000	1	6
1000	1	4
1000	1	5
1000	1	5
1000	1	7
1000	1	5
1000	1	6
1000	1	6
1000	1	5
1000	1	5
1000	1	6
1000	1	7
1000	1	5
1000	1	5
1000	1	6
1000	1	5
1000	1	5
1000	1	5
1000	1	6
1000	1	4
1000	1	6
1000	1	5
1000	1	6
1000	1	7
1000	1	5
1000	1	5
1000	1	5
1000	1	5
1000	1	5
1000	1	7
1000	1	5
1000	1	5
1000	1	5
1000	1	5
1000	1	5
1000	1	4
1000	1	5
1000	1	5
1000	1	5
1000	1	5
1000	1	6
1000	1	6
1000	1	5
1000	1	5
1000	1	9
1000	1	5
1000	1	5
1000	1	6	5
1000	2	3
1000	2	3
1000	2	3
1000	2	3
1000	2	3
1000	2	3
1000	2	3
1000	2	3
1000	2	3
1000	2	3
1000	2	3
1000	2	3
1000	2	3
1000	2	3
1000	2	3
1000	2	3
1000	2	3
1000	2	3
1000	2	3
1000	2	3
1000	2	3
1000	2	3
1000	2	3
1000	2	3
1000	2	3
1000	2	3
1000	2	3
1000	2	3
1000	2	3
1000	2	3
1000	2	3
1000	2	3
1000	2	3
1000	2	3
1000	2	3
1000	2	3
1000	2	3
1000	2	3
1000	2	3
1000	2	3
1000	2	3
1000	2	3
1000	2	3
1000	2	3
1000	2	3
1000	2	3
1000	2	3
1000	2	3
1000	2	3
1000	2	3	3
2000	1	5
2000	1	5
2000	1	6
2000	1	8
2000	1	6
2000	1	6
2000	1	6
2000	1	6
2000	1	6
2000	1	6
2000	1	6
2000	1	6
2000	1	6
2000	1	6
2000	1	6
2000	1	5
2000	1	6
2000	1	6
2000	1	6
2000	1	6
2000	1	6
2000	1	5
2000	1	5
2000	1	6
2000	1	5
2000	1	6
2000	1	6
2000	1	6
2000	1	7
2000	1	6
2000	1	5
2000	1	6
2000	1	6
2000	1	5
2000	1	6
2000	1	6
2000	1	5
2000	1	5
2000	1	6
2000	1	5
2000	1	7
2000	1	6
2000	1	5
2000	1	6
2000	1	7
2000	1	8
2000	1	6
2000	1	7
2000	1	6
2000	1	6	5
2000	2	3
2000	2	3
2000	2	3
2000	2	3
2000	2	3
2000	2	3
2000	2	3
2000	2	3
2000	2	3
2000	2	3
2000	2	3
2000	2	3
2000	2	3
2000	2	3
2000	2	3
2000	2	3
2000	2	3
2000	2	3
2000	2	3
2000	2	3
2000	2	4
2000	2	3
2000	2	3
2000	2	3
2000	2	3
2000	2	3
2000	2	3
2000	2	3
2000	2	3
2000	2	3
2000	2	3
2000	2	3
2000	2	3
2000	2	3
2000	2	3
2000	2	3
2000	2	3
2000	2	3
2000	2	3
2000	2	3
2000	2	3
2000	2	3
2000	2	3
2000	2	3
2000	2	3
2000	2	3
2000	2	3
2000	2	3
2000	2	3
2000	2	3	3
3000	1	6
3000	1	6
3000	1	6
3000	1	6
3000	1	6
3000	1	6
3000	1	6
3000	1	6
3000	1	7
3000	1	6
3000	1	6
3000	1	7
3000	1	6
3000	1	5
3000	1	6
3000	1	6
3000	1	6
3000	1	6
3000	1	6
3000	1	7
3000	1	7
3000	1	6
3000	1	7
3000	1	5
3000	1	6
3000	1	6
3000	1	6
3000	1	5
3000	1	6
3000	1	7
3000	1	7
3000	1	6
3000	1	7
3000	1	6
3000	1	7
3000	1	5
3000	1	6
3000	1	6
3000	1	5
3000	1	8
3000	1	5
3000	1	6
3000	1	7
3000	1	6
3000	1	7
3000	1	6
3000	1	6
3000	1	6
3000	1	6
3000	1	6	6
3000	2	3
3000	2	3
3000	2	3
3000	2	3
3000	2	3
3000	2	3
3000	2	3
3000	2	3
3000	2	3
3000	2	3
3000	2	3
3000	2	3
3000	2	3
3000	2	3
3000	2	3
3000	2	3
3000	2	3
3000	2	3
3000	2	3
3000	2	3
3000	2	3
3000	2	3
3000	2	3
3000	2	3
3000	2	3
3000	2	3
3000	2	3
3000	2	3
3000	2	3
3000	2	3
3000	2	3
3000	2	3
3000	2	3
3000	2	3
3000	2	3
3000	2	3
3000	2	3
3000	2	3
3000	2	3
3000	2	3
3000	2	3
3000	2	3
3000	2	3
3000	2	3
3000	2	3
3000	2	3
3000	2	3
3000	2	3
3000	2	3
3000	2	3	3
4000	1	6
4000	1	6
4000	1	6
4000	1	6
4000	1	6
4000	1	7
4000	1	6
4000	1	5
4000	1	6
4000	1	6
4000	1	6
4000	1	6
4000	1	7
4000	1	7
4000	1	6
4000	1	5
4000	1	6
4000	1	5
4000	1	6
4000	1	6
4000	1	7
4000	1	6
4000	1	6
4000	1	6
4000	1	7
4000	1	6
4000	1	6
4000	1	6
4000	1	7
4000	1	6
4000	1	8
4000	1	8
4000	1	6
4000	1	6
4000	1	7
4000	1	6
4000	1	5
4000	1	5
4000	1	6
4000	1	5
4000	1	6
4000	1	6
4000	1	6
4000	1	6
4000	1	6
4000	1	5
4000	1	6
4000	1	7
4000	1	6
4000	1	6	6
4000	2	3
4000	2	3
4000	2	3
4000	2	3
4000	2	3
4000	2	3
4000	2	3
4000	2	3
4000	2	3
4000	2	3
4000	2	3
4000	2	3
4000	2	3
4000	2	3
4000	2	3
4000	2	3
4000	2	3
4000	2	3
4000	2	3
4000	2	3
4000	2	3
4000	2	3
4000	2	3
4000	2	3
4000	2	3
4000	2	3
4000	2	3
4000	2	3
4000	2	3
4000	2	3
4000	2	3
4000	2	3
4000	2	3
4000	2	3
4000	2	3
4000	2	3
4000	2	3
4000	2	3
4000	2	3
4000	2	3
4000	2	3
4000	2	3
4000	2	3
4000	2	3
4000	2	3
4000	2	3
4000	2	3
4000	2	3
4000	2	3
4000	2	3	3
5000	1	6
5000	1	9
5000	1	6
5000	1	7
5000	1	6
5000	1	5
5000	1	6
5000	1	7
5000	1	6
5000	1	6
5000	1	6
5000	1	7
5000	1	7
5000	1	7
5000	1	7
5000	1	8
5000	1	6
5000	1	6
5000	1	6
5000	1	6
5000	1	5
5000	1	7
5000	1	6
5000	1	6
5000	1	7
5000	1	6
5000	1	6
5000	1	6
5000	1	7
5000	1	7
5000	1	9
5000	1	6
5000	1	6
5000	1	6
5000	1	7
5000	1	6
5000	1	7
5000	1	7
5000	1	6
5000	1	6
5000	1	6
5000	1	8
5000	1	7
5000	1	6
5000	1	6
5000	1	7
5000	1	6
5000	1	8
5000	1	6
5000	1	6	6
5000	2	3
5000	2	3
5000	2	3
5000	2	3
5000	2	3
5000	2	3
5000	2	3
5000	2	3
5000	2	3
5000	2	3
5000	2	3
5000	2	3
5000	2	3
5000	2	3
5000	2	3
5000	2	3
5000	2	3
5000	2	3
5000	2	3
5000	2	3
5000	2	3
5000	2	3
5000	2	3
5000	2	3
5000	2	3
5000	2	3
5000	2	3
5000	2	3
5000	2	3
5000	2	3
5000	2	3
5000	2	3
5000	2	3
5000	2	3
5000	2	3
5000	2	3
5000	2	3
5000	2	3
5000	2	3
5000	2	3
5000	2	3
5000	2	3
5000	2	3
5000	2	3
5000	2	3
5000	2	3
5000	2	3
5000	2	3
5000	2	3
5000	2	3	3
6000	1	6
6000	1	6
6000	1	6
6000	1	6
6000	1	6
6000	1	6
6000	1	6
6000	1	6
6000	1	7
6000	1	6
6000	1	6
6000	1	6
6000	1	5
6000	1	6
6000	1	6
6000	1	6
6000	1	7
6000	1	7
6000	1	6
6000	1	6
6000	1	6
6000	1	6
6000	1	6
6000	1	7
6000	1	7
6000	1	6
6000	1	6
6000	1	6
6000	1	6
6000	1	6
6000	1	6
6000	1	8
6000	1	6
6000	1	6
6000	1	8
6000	1	6
6000	1	6
6000	1	6
6000	1	6
6000	1	7
6000	1	6
6000	1	6
6000	1	7
6000	1	7
6000	1	7
6000	1	8
6000	1	7
6000	1	6
6000	1	7
6000	1	7	6
6000	2	3
6000	2	3
6000	2	3
6000	2	3
6000	2	3
6000	2	3
6000	2	3
6000	2	3
6000	2	3
6000	2	3
6000	2	4
6000	2	3
6000	2	3
6000	2	3
6000	2	3
6000	2	3
6000	2	3
6000	2	3
6000	2	3
6000	2	3
6000	2	3
6000	2	3
6000	2	3
6000	2	3
6000	2	3
6000	2	3
6000	2	3
6000	2	3
6000	2	3
6000	2	3
6000	2	3
6000	2	3
6000	2	3
6000	2	3
6000	2	3
6000	2	3
6000	2	3
6000	2	4
6000	2	3
6000	2	3
6000	2	4
6000	2	3
6000	2	4
6000	2	3
6000	2	3
6000	2	3
6000	2	3
6000	2	3
6000	2	3
6000	2	3	3
7000	1	8
7000	1	6
7000	1	7
7000	1	6
7000	1	6
7000	1	6
7000	1	7
7000	1	6
7000	1	6
7000	1	8
7000	1	7
7000	1	7
7000	1	7
7000	1	7
7000	1	5
7000	1	6
7000	1	7
7000	1	5
7000	1	6
7000	1	6
7000	1	6
7000	1	8
7000	1	6
7000	1	6
7000	1	7
7000	1	8
7000	1	7
7000	1	6
7000	1	6
7000	1	7
7000	1	6
7000	1	6
7000	1	7
7000	1	6
7000	1	6
7000	1	6
7000	1	7
7000	1	6
7000	1	6
7000	1	8
7000	1	7
7000	1	7
7000	1	7
7000	1	7
7000	1	7
7000	1	6
7000	1	6
7000	1	6
7000	1	6
7000	1	6	6
7000	2	3
7000	2	3
7000	2	3
7000	2	3
7000	2	3
7000	2	3
7000	2	3
7000	2	3
7000	2	3
7000	2	3
7000	2	3
7000	2	3
7000	2	3
7000	2	3
7000	2	3
7000	2	3
7000	2	3
7000	2	3
7000	2	3
7000	2	3
7000	2	3
7000	2	3
7000	2	3
7000	2	3
7000	2	3
7000	2	3
7000	2	4
7000	2	3
7000	2	3
7000	2	3
7000	2	4
7000	2	3
7000	2	3
7000	2	3
7000	2	3
7000	2	3
7000	2	3
7000	2	3
7000	2	3
7000	2	3
7000	2	3
7000	2	3
7000	2	3
7000	2	4
7000	2	3
7000	2	3
7000	2	3
7000	2	3
7000	2	3
7000	2	3	3
8000	1	6
8000	1	6
8000	1	7
8000	1	7
8000	1	7
8000	1	6
8000	1	6
8000	1	6
8000	1	6
8000	1	7
8000	1	7
8000	1	7
8000	1	8
8000	1	6
8000	1	6
8000	1	7
8000	1	7
8000	1	6
8000	1	7
8000	1	6
8000	1	6
8000	1	9
8000	1	8
8000	1	7
8000	1	8
8000	1	6
8000	1	6
8000	1	6
8000	1	6
8000	1	6
8000	1	6
8000	1	6
8000	1	6
8000	1	7
8000	1	8
8000	1	6
8000	1	6
8000	1	7
8000	1	6
8000	1	6
8000	1	8
8000	1	7
8000	1	6
8000	1	6
8000	1	6
8000	1	6
8000	1	7
8000	1	5
8000	1	6
8000	1	6	6
8000	2	3
8000	2	3
8000	2	4
8000	2	3
8000	2	3
8000	2	4
8000	2	4
8000	2	3
8000	2	3
8000	2	3
8000	2	3
8000	2	3
8000	2	3
8000	2	3
8000	2	3
8000	2	3
8000	2	3
8000	2	3
8000	2	3
8000	2	3
8000	2	4
8000	2	3
8000	2	3
8000	2	3
8000	2	3
8000	2	3
8000	2	3
8000	2	3
8000	2	3
8000	2	3
8000	2	3
8000	2	3
8000	2	3
8000	2	3
8000	2	3
8000	2	3
8000	2	3
8000	2	3
8000	2	3
8000	2	3
8000	2	3
8000	2	3
8000	2	3
8000	2	3
8000	2	3
8000	2	3
8000	2	3
8000	2	3
8000	2	3
8000	2	3	3
9000	1	7
9000	1	6
9000	1	6
9000	1	6
9000	1	7
9000	1	10
9000	1	7
9000	1	7
9000	1	6
9000	1	6
9000	1	6
9000	1	7
9000	1	6
9000	1	6
9000	1	6
9000	1	6
9000	1	7
9000	1	7
9000	1	6
9000	1	7
9000	1	6
9000	1	6
9000	1	7
9000	1	7
9000	1	6
9000	1	8
9000	1	6
9000	1	6
9000	1	7
9000	1	6
9000	1	6
9000	1	7
9000	1	7
9000	1	7
9000	1	6
9000	1	7
9000	1	7
9000	1	7
9000	1	7
9000	1	6
9000	1	6
9000	1	6
9000	1	7
9000	1	6
9000	1	7
9000	1	7
9000	1	6
9000	1	9
9000	1	7
9000	1	6	6
9000	2	3
9000	2	3
9000	2	3
9000	2	3
9000	2	3
9000	2	3
9000	2	3
9000	2	3
9000	2	3
9000	2	3
9000	2	3
9000	2	3
9000	2	3
9000	2	4
9000	2	3
9000	2	3
9000	2	3
9000	2	3
9000	2	3
9000	2	3
9000	2	3
9000	2	3
9000	2	3
9000	2	3
9000	2	3
9000	2	3
9000	2	3
9000	2	3
9000	2	3
9000	2	3
9000	2	3
9000	2	3
9000	2	3
9000	2	3
9000	2	3
9000	2	3
9000	2	3
9000	2	3
9000	2	3
9000	2	3
9000	2	3
9000	2	3
9000	2	3
9000	2	3
9000	2	3
9000	2	3
9000	2	3
9000	2	3
9000	2	3
9000	2	3	3
10000	1	7
10000	1	6
10000	1	6
10000	1	6
10000	1	7
10000	1	7
10000	1	8
10000	1	7
10000	1	6
10000	1	6
10000	1	8
10000	1	6
10000	1	8
10000	1	7
10000	1	7
10000	1	7
10000	1	6
10000	1	7
10000	1	6
10000	1	8
10000	1	6
10000	1	7
10000	1	7
10000	1	6
10000	1	7
10000	1	7
10000	1	7
10000	1	6
10000	1	7
10000	1	6
10000	1	7
10000	1	7
10000	1	8
10000	1	6
10000	1	6
10000	1	9
10000	1	6
10000	1	7
10000	1	6
10000	1	7
10000	1	6
10000	1	6
10000	1	6
10000	1	6
10000	1	7
10000	1	7
10000	1	6
10000	1	6
10000	1	6
10000	1	6	6
10000	2	3
10000	2	3
10000	2	3
10000	2	3
10000	2	3
10000	2	3
10000	2	3
10000	2	3
10000	2	3
10000	2	3
10000	2	3
10000	2	3
10000	2	3
10000	2	3
10000	2	3
10000	2	3
10000	2	3
10000	2	3
10000	2	3
10000	2	3
10000	2	4
10000	2	3
10000	2	3
10000	2	3
10000	2	3
10000	2	3
10000	2	3
10000	2	3
10000	2	3
10000	2	3
10000	2	3
10000	2	3
10000	2	3
10000	2	3
10000	2	3
10000	2	3
10000	2	3
10000	2	3
10000	2	3
10000	2	3
10000	2	3
10000	2	3
10000	2	3
10000	2	3
10000	2	3
10000	2	3
10000	2	3
10000	2	3
10000	2	4
10000	2	3	3
11000	1	6
11000	1	7
11000	1	7
11000	1	7
11000	1	6
11000	1	6
11000	1	6
11000	1	6
11000	1	7
11000	1	7
11000	1	8
11000	1	6
11000	1	7
11000	1	6
11000	1	8
11000	1	7
11000	1	6
11000	1	6
11000	1	6
11000	1	7
11000	1	6
11000	1	7
11000	1	7
11000	1	7
11000	1	6
11000	1	7
11000	1	8
11000	1	7
11000	1	7
11000	1	6
11000	1	7
11000	1	7
11000	1	7
11000	1	6
11000	1	7
11000	1	6
11000	1	6
11000	1	6
11000	1	8
11000	1	6
11000	1	7
11000	1	6
11000	1	7
11000	1	7
11000	1	7
11000	1	6
11000	1	6
11000	1	7
11000	1	6
11000	1	7	6
11000	2	3
11000	2	3
11000	2	3
11000	2	3
11000	2	3
11000	2	3
11000	2	3
11000	2	3
11000	2	3
11000	2	3
11000	2	3
11000	2	3
11000	2	4
11000	2	3
11000	2	3
11000	2	3
11000	2	3
11000	2	3
11000	2	3
11000	2	3
11000	2	3
11000	2	3
11000	2	3
11000	2	3
11000	2	3
11000	2	3
11000	2	3
11000	2	3
11000	2	3
11000	2	3
11000	2	3
11000	2	3
11000	2	4
11000	2	3
11000	2	4
11000	2	3
11000	2	3
11000	2	3
11000	2	3
11000	2	3
11000	2	3
11000	2	3
11000	2	3
11000	2	3
11000	2	3
11000	2	3
11000	2	3
11000	2	3
11000	2	3
11000	2	3	3
12000	1	7
12000	1	6
12000	1	7
12000	1	6
12000	1	6
12000	1	7
12000	1	6
12000	1	7
12000	1	7
12000	1	7
12000	1	6
12000	1	7
12000	1	6
12000	1	7
12000	1	7
12000	1	7
12000	1	7
12000	1	7
12000	1	9
12000	1	6
12000	1	7
12000	1	7
12000	1	7
12000	1	6
12000	1	6
12000	1	7
12000	1	6
12000	1	8
12000	1	8
12000	1	7
12000	1	7
12000	1	6
12000	1	6
12000	1	7
12000	1	7
12000	1	6
12000	1	8
12000	1	7
12000	1	8
12000	1	7
12000	1	6
12000	1	8
12000	1	7
12000	1	7
12000	1	6
12000	1	6
12000	1	7
12000	1	7
12000	1	6
12000	1	7	6
12000	2	3
12000	2	3
12000	2	3
12000	2	3
12000	2	3
12000	2	3
12000	2	3
12000	2	3
12000	2	4
12000	2	3
12000	2	3
12000	2	3
12000	2	3
12000	2	3
12000	2	3
12000	2	3
12000	2	3
12000	2	3
12000	2	3
12000	2	3
12000	2	3
12000	2	4
12000	2	3
12000	2	3
12000	2	3
12000	2	3
12000	2	3
12000	2	3
12000	2	3
12000	2	3
12000	2	4
12000	2	3
12000	2	3
12000	2	3
12000	2	4
12000	2	3
12000	2	3
12000	2	3
12000	2	3
12000	2	3
12000	2	4
12000	2	3
12000	2	3
12000	2	3
12000	2	3
12000	2	3
12000	2	3
12000	2	3
12000	2	3
12000	2	3	3
13000	1	7
13000	1	7
13000	1	6
13000	1	7
13000	1	8
13000	1	7
13000	1	7
13000	1	7
13000	1	7
13000	1	6
13000	1	6
13000	1	7
13000	1	6
13000	1	6
13000	1	6
13000	1	7
13000	1	6
13000	1	7
13000	1	7
13000	1	8
13000	1	6
13000	1	6
13000	1	6
13000	1	7
13000	1	7
13000	1	6
13000	1	6
13000	1	6
13000	1	6
13000	1	7
13000	1	7
13000	1	7
13000	1	7
13000	1	6
13000	1	7
13000	1	9
13000	1	7
13000	1	7
13000	1	7
13000	1	7
13000	1	7
13000	1	6
13000	1	6
13000	1	7
13000	1	7
13000	1	7
13000	1	8
13000	1	7
13000	1	7
13000	1	7	6
13000	2	3
13000	2	3
13000	2	3
13000	2	3
13000	2	3
13000	2	3
13000	2	3
13000	2	3
13000	2	3
13000	2	3
13000	2	3
13000	2	3
13000	2	3
13000	2	3
13000	2	3
13000	2	3
13000	2	3
13000	2	4
13000	2	3
13000	2	3
13000	2	3
13000	2	4
13000	2	3
13000	2	3
13000	2	3
13000	2	3
13000	2	3
13000	2	4
13000	2	3
13000	2	3
13000	2	4
13000	2	3
13000	2	3
13000	2	3
13000	2	3
13000	2	3
13000	2	3
13000	2	3
13000	2	3
13000	2	3
13000	2	3
13000	2	3
13000	2	3
13000	2	3
13000	2	3
13000	2	3
13000	2	3
13000	2	3
13000	2	3
13000	2	3	3
14000	1	6
14000	1	6
14000	1	7
14000	1	7
14000	1	7
14000	1	7
14000	1	6
14000	1	7
14000	1	7
14000	1	7
14000	1	6
14000	1	7
14000	1	6
14000	1	7
14000	1	6
14000	1	7
14000	1	9
14000	1	9
14000	1	7
14000	1	7
14000	1	6
14000	1	7
14000	1	7
14000	1	6
14000	1	7
14000	1	6
14000	1	6
14000	1	8
14000	1	7
14000	1	6
14000	1	7
14000	1	6
14000	1	6
14000	1	8
14000	1	6
14000	1	7
14000	1	9
14000	1	8
14000	1	7
14000	1	7
14000	1	6
14000	1	7
14000	1	8
14000	1	7
14000	1	6
14000	1	8
14000	1	7
14000	1	7
14000	1	7
14000	1	7	6
14000	2	3
14000	2	3
14000	2	4
14000	2	3
14000	2	3
14000	2	3
14000	2	3
14000	2	3
14000	2	3
14000	2	3
14000	2	3
14000	2	3
14000	2	3
14000	2	3
14000	2	4
14000	2	3
14000	2	3
14000	2	3
14000	2	3
14000	2	3
14000	2	3
14000	2	3
14000	2	3
14000	2	3
14000	2	3
14000	2	3
14000	2	3
14000	2	3
14000	2	3
14000	2	3
14000	2	3
14000	2	3
14000	2	3
14000	2	3
14000	2	3
14000	2	3
14000	2	3
14000	2	3
14000	2	3
14000	2	3
14000	2	3
14000	2	3
14000	2	4
14000	2	3
14000	2	3
14000	2	3
14000	2	3
14000	2	3
14000	2	3
14000	2	3	3
15000	1	7
15000	1	6
15000	1	6
15000	1	8
15000	1	7
15000	1	6
15000	1	6
15000	1	6
15000	1	7
15000	1	7
15000	1	6
15000	1	7
15000	1	7
15000	1	7
15000	1	7
15000	1	6
15000	1	7
15000	1	6
15000	1	7
15000	1	7
15000	1	7
15000	1	8
15000	1	6
15000	1	7
15000	1	7
15000	1	7
15000	1	7
15000	1	7
15000	1	8
15000	1	7
15000	1	7
15000	1	7
15000	1	7
15000	1	7
15000	1	6
15000	1	7
15000	1	7
15000	1	7
15000	1	7
15000	1	7
15000	1	7
15000	1	6
15000	1	7
15000	1	7
15000	1	7
15000	1	7
15000	1	7
15000	1	7
15000	1	7
15000	1	8	6
15000	2	3
15000	2	3
15000	2	3
15000	2	3
15000	2	3
15000	2	3
15000	2	3
15000	2	3
15000	2	3
15000	2	3
15000	2	3
15000	2	3
15000	2	3
15000	2	3
15000	2	3
15000	2	3
15000	2	3
15000	2	3
15000	2	3
15000	2	3
15000	2	3
15000	2	4
15000	2	3
15000	2	3
15000	2	3
15000	2	3
15000	2	3
15000	2	3
15000	2	3
15000	2	4
15000	2	3
15000	2	3
15000	2	4
15000	2	3
15000	2	3
15000	2	3
15000	2	3
15000	2	3
15000	2	3
15000	2	3
15000	2	3
15000	2	3
15000	2	3
15000	2	3
15000	2	3
15000	2	3
15000	2	3
15000	2	3
15000	2	3
15000	2	3	3
16000	1	6
16000	1	6
16000	1	7
16000	1	7
16000	1	7
16000	1	7
16000	1	6
16000	1	7
16000	1	7
16000	1	8
16000	1	7
16000	1	7
16000	1	7
16000	1	6
16000	1	6
16000	1	6
16000	1	7
16000	1	7
16000	1	7
16000	1	7
16000	1	7
16000	1	7
16000	1	7
16000	1	7
16000	1	8
16000	1	9
16000	1	7
16000	1	9
16000	1	6
16000	1	7
16000	1	8
16000	1	6
16000	1	8
16000	1	7
16000	1	7
16000	1	8
16000	1	6
16000	1	6
16000	1	6
16000	1	6
16000	1	6
16000	1	8
16000	1	7
16000	1	7
16000	1	8
16000	1	6
16000	1	7
16000	1	7
16000	1	6
16000	1	8	6
16000	2	3
16000	2	3
16000	2	3
16000	2	3
16000	2	3
16000	2	3
16000	2	3
16000	2	4
16000	2	3
16000	2	3
16000	2	3
16000	2	3
16000	2	4
16000	2	4
16000	2	3
16000	2	3
16000	2	3
16000	2	3
16000	2	3
16000	2	3
16000	2	3
16000	2	3
16000	2	3
16000	2	3
16000	2	3
16000	2	3
16000	2	3
16000	2	3
16000	2	3
16000	2	3
16000	2	3
16000	2	3
16000	2	3
16000	2	3
16000	2	3
16000	2	3
16000	2	3
16000	2	3
16000	2	3
16000	2	3
16000	2	3
16000	2	3
16000	2	3
16000	2	3
16000	2	3
16000	2	3
16000	2	3
16000	2	3
16000	2	3
16000	2	3	3
17000	1	8
17000	1	6
17000	1	7
17000	1	7
17000	1	8
17000	1	6
17000	1	7
17000	1	7
17000	1	6
17000	1	6
17000	1	7
17000	1	7
17000	1	6
17000	1	7
17000	1	7
17000	1	7
17000	1	6
17000	1	7
17000	1	8
17000	1	6
17000	1	6
17000	1	7
17000	1	7
17000	1	7
17000	1	7
17000	1	7
17000	1	6
17000	1	7
17000	1	7
17000	1	6
17000	1	7
17000	1	6
17000	1	9
17000	1	7
17000	1	9
17000	1	8
17000	1	7
17000	1	7
17000	1	7
17000	1	7
17000	1	6
17000	1	7
17000	1	6
17000	1	6
17000	1	7
17000	1	7
17000	1	7
17000	1	7
17000	1	7
17000	1	8	6
17000	2	3
17000	2	3
17000	2	3
17000	2	3
17000	2	3
17000	2	3
17000	2	3
17000	2	3
17000	2	3
17000	2	3
17000	2	3
17000	2	3
17000	2	3
17000	2	3
17000	2	3
17000	2	3
17000	2	3
17000	2	3
17000	2	3
17000	2	3
17000	2	3
17000	2	3
17000	2	3
17000	2	3
17000	2	3
17000	2	3
17000	2	3
17000	2	3
17000	2	3
17000	2	3
17000	2	4
17000	2	3
17000	2	3
17000	2	3
17000	2	3
17000	2	3
17000	2	4
17000	2	3
17000	2	3
17000	2	3
17000	2	3
17000	2	4
17000	2	3
17000	2	3
17000	2	3
17000	2	3
17000	2	3
17000	2	3
17000	2	4
17000	2	3	3
18000	1	6
18000	1	6
18000	1	6
18000	1	7
18000	1	8
18000	1	7
18000	1	7
18000	1	6
18000	1	7
18000	1	7
18000	1	7
18000	1	9
18000	1	6
18000	1	7
18000	1	7
18000	1	7
18000	1	7
18000	1	7
18000	1	6
18000	1	8
18000	1	8
18000	1	7
18000	1	7
18000	1	7
18000	1	7
18000	1	7
18000	1	7
18000	1	6
18000	1	8
18000	1	8
18000	1	6
18000	1	7
18000	1	7
18000	1	7
18000	1	8
18000	1	8
18000	1	7
18000	1	7
18000	1	7
18000	1	6
18000	1	6
18000	1	7
18000	1	7
18000	1	7
18000	1	6
18000	1	8
18000	1	7
18000	1	6
18000	1	8
18000	1	6	6
18000	2	3
18000	2	3
18000	2	3
18000	2	3
18000	2	3
18000	2	3
18000	2	3
18000	2	3
18000	2	3
18000	2	3
18000	2	4
18000	2	3
18000	2	3
18000	2	3
18000	2	4
18000	2	3
18000	2	3
18000	2	3
18000	2	3
18000	2	3
18000	2	3
18000	2	3
18000	2	3
18000	2	3
18000	2	4
18000	2	3
18000	2	3
18000	2	3
18000	2	3
18000	2	3
18000	2	4
18000	2	3
18000	2	3
18000	2	3
18000	2	3
18000	2	3
18000	2	3
18000	2	3
18000	2	3
18000	2	3
18000	2	3
18000	2	4
18000	2	4
18000	2	3
18000	2	3
18000	2	3
18000	2	3
18000	2	3
18000	2	3
18000	2	3	3
19000	1	7
19000	1	8
19000	1	6
19000	1	6
19000	1	7
19000	1	7
19000	1	8
19000	1	7
19000	1	6
19000	1	7
19000	1	6
19000	1	8
19000	1	7
19000	1	7
19000	1	6
19000	1	7
19000	1	8
19000	1	8
19000	1	8
19000	1	7
19000	1	7
19000	1	7
19000	1	6
19000	1	8
19000	1	6
19000	1	8
19000	1	7
19000	1	7
19000	1	7
19000	1	7
19000	1	6
19000	1	7
19000	1	7
19000	1	7
19000	1	6
19000	1	7
19000	1	7
19000	1	7
19000	1	7
19000	1	7
19000	1	7
19000	1	7
19000	1	7
19000	1	6
19000	1	7
19000	1	7
19000	1	7
19000	1	7
19000	1	7
19000	1	7	6
19000	2	3
19000	2	3
19000	2	3
19000	2	3
19000	2	3
19000	2	3
19000	2	3
19000	2	3
19000	2	4
19000	2	4
19000	2	3
19000	2	3
19000	2	3
19000	2	3
19000	2	3
19000	2	3
19000	2	3
19000	2	3
19000	2	3
19000	2	3
19000	2	3
19000	2	3
19000	2	3
19000	2	3
19000	2	3
19000	2	3
19000	2	3
19000	2	3
19000	2	3
19000	2	3
19000	2	3
19000	2	3
19000	2	3
19000	2	3
19000	2	3
19000	2	3
19000	2	3
19000	2	3
19000	2	3
19000	2	3
19000	2	3
19000	2	3
19000	2	4
19000	2	3
19000	2	4
19000	2	4
19000	2	3
19000	2	3
19000	2	3
19000	2	3	3
20000	1	7
20000	1	7
20000	1	9
20000	1	6
20000	1	7
20000	1	7
20000	1	7
20000	1	6
20000	1	7
20000	1	7
20000	1	7
20000	1	7
20000	1	7
20000	1	8
20000	1	6
20000	1	6
20000	1	7
20000	1	6
20000	1	8
20000	1	7
20000	1	7
20000	1	7
20000	1	6
20000	1	7
20000	1	7
20000	1	6
20000	1	7
20000	1	8
20000	1	7
20000	1	8
20000	1	7
20000	1	7
20000	1	7
20000	1	7
20000	1	7
20000	1	8
20000	1	8
20000	1	7
20000	1	7
20000	1	7
20000	1	7
20000	1	7
20000	1	6
20000	1	7
20000	1	6
20000	1	6
20000	1	7
20000	1	6
20000	1	7
20000	1	7	6
20000	2	3
20000	2	3
20000	2	3
20000	2	3
20000	2	3
20000	2	3
20000	2	3
20000	2	4
20000	2	3
20000	2	4
20000	2	3
20000	2	3
20000	2	3
20000	2	4
20000	2	3
20000	2	3
20000	2	3
20000	2	3
20000	2	3
20000	2	3
20000	2	3
20000	2	3
20000	2	3
20000	2	4
20000	2	3
20000	2	3
20000	2	3
20000	2	3
20000	2	3
20000	2	3
20000	2	3
20000	2	3
20000	2	3
20000	2	3
20000	2	3
20000	2	3
20000	2	3
20000	2	3
20000	2	3
20000	2	3
20000	2	4
20000	2	3
20000	2	3
20000	2	3
20000	2	3
20000	2	3
20000	2	4
20000	2	4
20000	2	3
20000	2	3	3
21000	1	7
21000	1	7
21000	1	6
21000	1	7
21000	1	6
21000	1	7
21000	1	7
21000	1	8
21000	1	8
21000	1	7
21000	1	7
21000	1	7
21000	1	7
21000	1	7
21000	1	7
21000	1	8
21000	1	7
21000	1	6
21000	1	7
21000	1	7
21000	1	7
21000	1	7
21000	1	7
21000	1	8
21000	1	7
21000	1	8
21000	1	7
21000	1	7
21000	1	7
21000	1	7
21000	1	9
21000	1	6
21000	1	7
21000	1	7
21000	1	8
21000	1	7
21000	1	7
21000	1	7
21000	1	7
21000	1	7
21000	1	6
21000	1	7
21000	1	7
21000	1	7
21000	1	7
21000	1	7
21000	1	6
21000	1	7
21000	1	8
21000	1	7	7
21000	2	3
21000	2	3
21000	2	3
21000	2	3
21000	2	3
21000	2	4
21000	2	3
21000	2	3
21000	2	3
21000	2	3
21000	2	4
21000	2	3
21000	2	3
21000	2	4
21000	2	3
21000	2	4
21000	2	3
21000	2	3
21000	2	3
21000	2	4
21000	2	3
21000	2	3
21000	2	4
21000	2	3
21000	2	4
21000	2	3
21000	2	3
21000	2	3
21000	2	4
21000	2	3
21000	2	4
21000	2	3
21000	2	3
21000	2	3
21000	2	4
21000	2	3
21000	2	3
21000	2	3
21000	2	3
21000	2	3
21000	2	3
21000	2	4
21000	2	3
21000	2	3
21000	2	3
21000	2	3
21000	2	3
21000	2	4
21000	2	3
21000	2	3	3
22000	1	7
22000	1	7
22000	1	7
22000	1	8
22000	1	6
22000	1	7
22000	1	7
22000	1	8
22000	1	8
22000	1	8
22000	1	9
22000	1	6
22000	1	6
22000	1	7
22000	1	7
22000	1	7
22000	1	7
22000	1	7
22000	1	8
22000	1	8
22000	1	7
22000	1	7
22000	1	8
22000	1	7
22000	1	7
22000	1	6
22000	1	7
22000	1	8
22000	1	7
22000	1	7
22000	1	7
22000	1	7
22000	1	7
22000	1	7
22000	1	7
22000	1	7
22000	1	6
22000	1	8
22000	1	7
22000	1	7
22000	1	7
22000	1	7
22000	1	7
22000	1	7
22000	1	7
22000	1	6
22000	1	8
22000	1	6
22000	1	7
22000	1	7	7
22000	2	4
22000	2	3
22000	2	3
22000	2	3
22000	2	3
22000	2	3
22000	2	3
22000	2	4
22000	2	3
22000	2	3
22000	2	3
22000	2	3
22000	2	3
22000	2	3
22000	2	3
22000	2	3
22000	2	4
22000	2	3
22000	2	3
22000	2	3
22000	2	3
22000	2	3
22000	2	3
22000	2	3
22000	2	3
22000	2	4
22000	2	4
22000	2	3
22000	2	3
22000	2	4
22000	2	3
22000	2	3
22000	2	3
22000	2	3
22000	2	3
22000	2	3
22000	2	3
22000	2	4
22000	2	3
22000	2	3
22000	2	3
22000	2	3
22000	2	3
22000	2	3
22000	2	4
22000	2	3
22000	2	3
22000	2	3
22000	2	3
22000	2	3	3
23000	1	7
23000	1	7
23000	1	7
23000	1	7
23000	1	7
23000	1	7
23000	1	7
23000	1	7
23000	1	7
23000	1	7
23000	1	7
23000	1	8
23000	1	7
23000	1	6
23000	1	7
23000	1	9
23000	1	6
23000	1	7
23000	1	7
23000	1	7
23000	1	7
23000	1	6
23000	1	7
23000	1	7
23000	1	7
23000	1	7
23000	1	7
23000	1	7
23000	1	7
23000	1	7
23000	1	6
23000	1	6
23000	1	7
23000	1	6
23000	1	7
23000	1	8
23000	1	6
23000	1	7
23000	1	7
23000	1	6
23000	1	6
23000	1	6
23000	1	7
23000	1	8
23000	1	7
23000	1	7
23000	1	6
23000	1	7
23000	1	7
23000	1	7	6
23000	2	3
23000	2	3
23000	2	3
23000	2	3
23000	2	3
23000	2	3
23000	2	4
23000	2	3
23000	2	3
23000	2	3
23000	2	3
23000	2	3
23000	2	3
23000	2	3
23000	2	3
23000	2	3
23000	2	3
23000	2	3
23000	2	3
23000	2	3
23000	2	3
23000	2	3
23000	2	3
23000	2	3
23000	2	3
23000	2	3
23000	2	3
23000	2	3
23000	2	3
23000	2	3
23000	2	3
23000	2	3
23000	2	3
23000	2	4
23000	2	3
23000	2	3
23000	2	3
23000	2	3
23000	2	3
23000	2	3
23000	2	3
23000	2	3
23000	2	3
23000	2	3
23000	2	3
23000	2	3
23000	2	3
23000	2	3
23000	2	3
23000	2	3	3
24000	1	7
24000	1	7
24000	1	8
24000	1	7
24000	1	8
24000	1	8
24000	1	7
24000	1	7
24000	1	7
24000	1	9
24000	1	6
24000	1	7
24000	1	6
24000	1	6
24000	1	8
24000	1	8
24000	1	8
24000	1	7
24000	1	6
24000	1	7
24000	1	7
24000	1	6
24000	1	6
24000	1	7
24000	1	7
24000	1	7
24000	1	9
24000	1	7
24000	1	6
24000	1	7
24000	1	7
24000	1	7
24000	1	6
24000	1	6
24000	1	8
24000	1	7
24000	1	7
24000	1	7
24000	1	7
24000	1	7
24000	1	7
24000	1	8
24000	1	8
24000	1	7
24000	1	6
24000	1	8
24000	1	7
24000	1	8
24000	1	7
24000	1	7	7
24000	2	3
24000	2	3
24000	2	3
24000	2	3
24000	2	3
24000	2	3
24000	2	3
24000	2	4
24000	2	3
24000	2	3
24000	2	4
24000	2	3
24000	2	4
24000	2	3
24000	2	3
24000	2	4
24000	2	3
24000	2	3
24000	2	3
24000	2	3
24000	2	3
24000	2	4
24000	2	3
24000	2	3
24000	2	3
24000	2	3
24000	2	3
24000	2	4
24000	2	3
24000	2	4
24000	2	4
24000	2	3
24000	2	3
24000	2	4
24000	2	3
24000	2	3
24000	2	3
24000	2	3
24000	2	3
24000	2	3
24000	2	3
24000	2	3
24000	2	3
24000	2	3
24000	2	3
24000	2	3
24000	2	4
24000	2	3
24000	2	3
24000	2	3	3
25000	1	8
25000	1	8
25000	1	7
25000	1	6
25000	1	8
25000	1	7
25000	1	7
25000	1	8
25000	1	7
25000	1	7
25000	1	7
25000	1	7
25000	1	7
25000	1	8
25000	1	8
25000	1	7
25000	1	7
25000	1	7
25000	1	7
25000	1	7
25000	1	9
25000	1	6
25000	1	7
25000	1	7
25000	1	7
25000	1	7
25000	1	7
25000	1	7
25000	1	7
25000	1	7
25000	1	8
25000	1	7
25000	1	6
25000	1	7
25000	1	6
25000	1	10
25000	1	9
25000	1	7
25000	1	7
25000	1	8
25000	1	7
25000	1	7
25000	1	9
25000	1	8
25000	1	7
25000	1	6
25000	1	6
25000	1	7
25000	1	7
25000	1	6	7
25000	2	3
25000	2	3
25000	2	3
25000	2	3
25000	2	3
25000	2	3
25000	2	4
25000	2	3
25000	2	3
25000	2	3
25000	2	3
25000	2	3
25000	2	3
25000	2	3
25000	2	3
25000	2	3
25000	2	3
25000	2	3
25000	2	4
25000	2	3
25000	2	4
25000	2	3
25000	2	3
25000	2	3
25000	2	3
25000	2	3
25000	2	3
25000	2	3
25000	2	3
25000	2	3
25000	2	3
25000	2	3
25000	2	3
25000	2	4
25000	2	3
25000	2	3
25000	2	3
25000	2	4
25000	2	3
25000	2	3
25000	2	3
25000	2	3
25000	2	3
25000	2	3
25000	2	4
25000	2	3
25000	2	3
25000	2	3
25000	2	3
25000	2	4	3
26000	1	7
26000	1	9
26000	1	6
26000	1	7
26000	1	7
26000	1	6
26000	1	8
26000	1	7
26000	1	6
26000	1	7
26000	1	7
26000	1	7
26000	1	6
26000	1	8
26000	1	7
26000	1	8
26000	1	7
26000	1	7
26000	1	7
26000	1	8
26000	1	7
26000	1	7
26000	1	7
26000	1	9
26000	1	7
26000	1	8
26000	1	7
26000	1	7
26000	1	8
26000	1	8
26000	1	7
26000	1	7
26000	1	8
26000	1	7
26000	1	7
26000	1	7
26000	1	7
26000	1	9
26000	1	7
26000	1	7
26000	1	7
26000	1	7
26000	1	8
26000	1	7
26000	1	6
26000	1	6
26000	1	7
26000	1	7
26000	1	6
26000	1	8	7
26000	2	3
26000	2	3
26000	2	3
26000	2	3
26000	2	3
26000	2	3
26000	2	3
26000	2	3
26000	2	3
26000	2	3
26000	2	3
26000	2	3
26000	2	3
26000	2	3
26000	2	3
26000	2	3
26000	2	3
26000	2	3
26000	2	3
26000	2	3
26000	2	3
26000	2	3
26000	2	3
26000	2	3
26000	2	3
26000	2	3
26000	2	3
26000	2	3
26000	2	4
26000	2	3
26000	2	3
26000	2	3
26000	2	3
26000	2	3
26000	2	3
26000	2	3
26000	2	4
26000	2	3
26000	2	3
26000	2	3
26000	2	3
26000	2	3
26000	2	4
26000	2	4
26000	2	3
26000	2	4
26000	2	3
26000	2	3
26000	2	3
26000	2	3	3
27000	1	7
27000	1	7
27000	1	8
27000	1	7
27000	1	7
27000	1	6
27000	1	7
27000	1	7
27000	1	7
27000	1	7
27000	1	7
27000	1	7
27000	1	8
27000	1	7
27000	1	7
27000	1	6
27000	1	7
27000	1	7
27000	1	7
27000	1	7
27000	1	8
27000	1	8
27000	1	8
27000	1	8
27000	1	7
27000	1	7
27000	1	8
27000	1	7
27000	1	7
27000	1	6
27000	1	7
27000	1	8
27000	1	8
27000	1	8
27000	1	8
27000	1	7
27000	1	7
27000	1	7
27000	1	7
27000	1	7
27000	1	7
27000	1	7
27000	1	8
27000	1	7
27000	1	6
27000	1	6
27000	1	7
27000	1	6
27000	1	8
27000	1	6	7
27000	2	4
27000	2	3
27000	2	3
27000	2	3
27000	2	3
27000	2	3
27000	2	3
27000	2	3
27000	2	3
27000	2	3
27000	2	3
27000	2	3
27000	2	3
27000	2	3
27000	2	3
27000	2	3
27000	2	3
27000	2	3
27000	2	3
27000	2	3
27000	2	3
27000	2	3
27000	2	4
27000	2	4
27000	2	3
27000	2	3
27000	2	4
27000	2	3
27000	2	3
27000	2	4
27000	2	3
27000	2	3
27000	2	4
27000	2	4
27000	2	3
27000	2	3
27000	2	3
27000	2	3
27000	2	4
27000	2	3
27000	2	3
27000	2	4
27000	2	4
27000	2	3
27000	2	3
27000	2	3
27000	2	3
27000	2	3
27000	2	3
27000	2	3	3
28000	1	7
28000	1	8
28000	1	8
28000	1	8
28000	1	8
28000	1	7
28000	1	8
28000	1	7
28000	1	8
28000	1	8
28000	1	7
28000	1	7
28000	1	7
28000	1	7
28000	1	7
28000	1	7
28000	1	7
28000	1	8
28000	1	7
28000	1	7
28000	1	7
28000	1	7
28000	1	6
28000	1	7
28000	1	6
28000	1	7
28000	1	7
28000	1	7
28000	1	6
28000	1	8
28000	1	7
28000	1	7
28000	1	7
28000	1	7
28000	1	7
28000	1	8
28000	1	7
28000	1	8
28000	1	7
28000	1	8
28000	1	7
28000	1	6
28000	1	7
28000	1	8
28000	1	7
28000	1	7
28000	1	8
28000	1	7
28000	1	8
28000	1	8	7
28000	2	3
28000	2	4
28000	2	3
28000	2	3
28000	2	4
28000	2	3
28000	2	3
28000	2	4
28000	2	4
28000	2	4
28000	2	3
28000	2	3
28000	2	3
28000	2	3
28000	2	3
28000	2	3
28000	2	3
28000	2	3
28000	2	3
28000	2	3
28000	2	3
28000	2	3
28000	2	3
28000	2	3
28000	2	3
28000	2	3
28000	2	3
28000	2	3
28000	2	3
28000	2	3
28000	2	3
28000	2	3
28000	2	3
28000	2	4
28000	2	4
28000	2	3
28000	2	3
28000	2	3
28000	2	3
28000	2	3
28000	2	3
28000	2	3
28000	2	3
28000	2	4
28000	2	4
28000	2	3
28000	2	4
28000	2	3
28000	2	3
28000	2	3	3
29000	1	7
29000	1	8
29000	1	7
29000	1	7
29000	1	7
29000	1	7
29000	1	7
29000	1	7
29000	1	7
29000	1	7
29000	1	8
29000	1	7
29000	1	7
29000	1	7
29000	1	7
29000	1	7
29000	1	7
29000	1	6
29000	1	9
29000	1	7
29000	1	6
29000	1	7
29000	1	6
29000	1	8
29000	1	6
29000	1	7
29000	1	6
29000	1	7
29000	1	7
29000	1	6
29000	1	7
29000	1	7
29000	1	7
29000	1	8
29000	1	7
29000	1	8
29000	1	7
29000	1	7
29000	1	7
29000	1	7
29000	1	7
29000	1	7
29000	1	8
29000	1	7
29000	1	7
29000	1	7
29000	1	7
29000	1	7
29000	1	7
29000	1	8	7
29000	2	3
29000	2	3
29000	2	3
29000	2	3
29000	2	4
29000	2	3
29000	2	3
29000	2	3
29000	2	3
29000	2	3
29000	2	3
29000	2	3
29000	2	3
29000	2	3
29000	2	3
29000	2	3
29000	2	4
29000	2	3
29000	2	3
29000	2	3
29000	2	3
29000	2	3
29000	2	3
29000	2	3
29000	2	3
29000	2	3
29000	2	3
29000	2	3
29000	2	3
29000	2	3
29000	2	3
29000	2	3
29000	2	3
29000	2	3
29000	2	3
29000	2	3
29000	2	3
29000	2	3
29000	2	3
29000	2	4
29000	2	3
29000	2	4
29000	2	3
29000	2	3
29000	2	4
29000	2	3
29000	2	3
29000	2	3
29000	2	3
29000	2	3	3
30000	1	8
30000	1	7
30000	1	7
30000	1	7
30000	1	7
30000	1	7
30000	1	7
30000	1	7
30000	1	7
30000	1	9
30000	1	6
30000	1	8
30000	1	7
30000	1	7
30000	1	7
30000	1	7
30000	1	8
30000	1	7
30000	1	7
30000	1	7
30000	1	7
30000	1	7
30000	1	7
30000	1	7
30000	1	6
30000	1	7
30000	1	7
30000	1	7
30000	1	7
30000	1	9
30000	1	7
30000	1	7
30000	1	7
30000	1	9
30000	1	7
30000	1	7
30000	1	7
30000	1	8
30000	1	7
30000	1	7
30000	1	7
30000	1	6
30000	1	7
30000	1	6
30000	1	8
30000	1	7
30000	1	7
30000	1	7
30000	1	7
30000	1	7	7
30000	2	3
30000	2	3
30000	2	3
30000	2	3
30000	2	4
30000	2	4
30000	2	3
30000	2	3
30000	2	4
30000	2	4
30000	2	3
30000	2	3
30000	2	3
30000	2	3
30000	2	3
30000	2	3
30000	2	3
30000	2	3
30000	2	4
30000	2	3
30000	2	3
30000	2	3
30000	2	3
30000	2	4
30000	2	3
30000	2	3
30000	2	3
30000	2	4
30000	2	3
30000	2	3
30000	2	3
30000	2	3
30000	2	3
30000	2	3
30000	2	4
30000	2	3
30000	2	4
30000	2	3
30000	2	3
30000	2	3
30000	2	3
30000	2	4
30000	2	3
30000	2	3
30000	2	3
30000	2	3
30000	2	4
30000	2	3
30000	2	3
30000	2	3	3
31000	1	6
31000	1	8
31000	1	7
31000	1	7
31000	1	8
31000	1	7
31000	1	8
31000	1	7
31000	1	7
31000	1	7
31000	1	7
31000	1	7
31000	1	7
31000	1	8
31000	1	7
31000	1	8
31000	1	8
31000	1	7
31000	1	7
31000	1	7
31000	1	7
31000	1	7
31000	1	7
31000	1	7
31000	1	8
31000	1	9
31000	1	7
31000	1	8
31000	1	7
31000	1	7
31000	1	7
31000	1	7
31000	1	7
31000	1	8
31000	1	8
31000	1	7
31000	1	7
31000	1	7
31000	1	7
31000	1	7
31000	1	9
31000	1	7
31000	1	8
31000	1	8
31000	1	7
31000	1	8
31000	1	7
31000	1	8
31000	1	7
31000	1	6	7
31000	2	3
31000	2	3
31000	2	3
31000	2	4
31000	2	3
31000	2	3
31000	2	3
31000	2	3
31000	2	3
31000	2	4
31000	2	3
31000	2	3
31000	2	3
31000	2	3
31000	2	3
31000	2	3
31000	2	3
31000	2	3
31000	2	4
31000	2	4
31000	2	3
31000	2	3
31000	2	4
31000	2	3
31000	2	3
31000	2	3
31000	2	3
31000	2	3
31000	2	3
31000	2	3
31000	2	3
31000	2	3
31000	2	3
31000	2	3
31000	2	3
31000	2	3
31000	2	3
31000	2	3
31000	2	3
31000	2	3
31000	2	3
31000	2	3
31000	2	4
31000	2	3
31000	2	4
31000	2	4
31000	2	3
31000	2	3
31000	2	4
31000	2	4	3
32000	1	7
32000	1	8
32000	1	7
32000	1	7
32000	1	7
32000	1	8
32000	1	7
32000	1	7
32000	1	8
32000	1	6
32000	1	7
32000	1	7
32000	1	8
32000	1	7
32000	1	8
32000	1	8
32000	1	7
32000	1	7
32000	1	7
32000	1	7
32000	1	8
32000	1	7
32000	1	7
32000	1	7
32000	1	7
32000	1	7
32000	1	7
32000	1	7
32000	1	7
32000	1	7
32000	1	7
32000	1	6
32000	1	9
32000	1	6
32000	1	7
32000	1	7
32000	1	7
32000	1	7
32000	1	7
32000	1	7
32000	1	7
32000	1	7
32000	1	7
32000	1	7
32000	1	7
32000	1	6
32000	1	7
32000	1	7
32000	1	7
32000	1	7	7
32000	2	3
32000	2	3
32000	2	3
32000	2	3
32000	2	3
32000	2	3
32000	2	3
32000	2	3
32000	2	3
32000	2	3
32000	2	4
32000	2	3
32000	2	3
32000	2	3
32000	2	3
32000	2	3
32000	2	3
32000	2	3
32000	2	3
32000	2	3
32000	2	3
32000	2	3
32000	2	4
32000	2	3
32000	2	3
32000	2	3
32000	2	3
32000	2	3
32000	2	3
32000	2	3
32000	2	3
32000	2	3
32000	2	3
32000	2	3
32000	2	3
32000	2	3
32000	2	3
32000	2	3
32000	2	3
32000	2	3
32000	2	3
32000	2	4
32000	2	3
32000	2	4
32000	2	4
32000	2	3
32000	2	4
32000	2	3
32000	2	4
32000	2	3	3
33000	1	8
33000	1	7
33000	1	6
33000	1	7
33000	1	7
33000	1	7
33000	1	7
33000	1	7
33000	1	6
33000	1	8
33000	1	7
33000	1	8
33000	1	7
33000	1	7
33000	1	7
33000	1	8
33000	1	7
33000	1	8
33000	1	8
33000	1	7
33000	1	8
33000	1	7
33000	1	6
33000	1	7
33000	1	7
33000	1	8
33000	1	7
33000	1	8
33000	1	7
33000	1	8
33000	1	7
33000	1	8
33000	1	8
33000	1	7
33000	1	7
33000	1	7
33000	1	7
33000	1	7
33000	1	8
33000	1	8
33000	1	7
33000	1	7
33000	1	7
33000	1	7
33000	1	7
33000	1	7
33000	1	8
33000	1	7
33000	1	7
33000	1	9	7
33000	2	3
33000	2	3
33000	2	3
33000	2	3
33000	2	3
33000	2	3
33000	2	4
33000	2	3
33000	2	3
33000	2	3
33000	2	3
33000	2	3
33000	2	3
33000	2	4
33000	2	3
33000	2	3
33000	2	3
33000	2	3
33000	2	3
33000	2	3
33000	2	3
33000	2	4
33000	2	3
33000	2	4
33000	2	3
33000	2	3
33000	2	3
33000	2	4
33000	2	3
33000	2	3
33000	2	3
33000	2	3
33000	2	3
33000	2	3
33000	2	3
33000	2	3
33000	2	3
33000	2	3
33000	2	3
33000	2	4
33000	2	3
33000	2	3
33000	2	3
33000	2	4
33000	2	3
33000	2	3
33000	2	3
33000	2	3
33000	2	3
33000	2	3	3
34000	1	7
34000	1	8
34000	1	6
34000	1	7
34000	1	7
34000	1	7
34000	1	9
34000	1	6
34000	1	7
34000	1	8
34000	1	7
34000	1	7
34000	1	7
34000	1	8
34000	1	6
34000	1	7
34000	1	7
34000	1	7
34000	1	8
34000	1	8
34000	1	7
34000	1	8
34000	1	8
34000	1	8
34000	1	7
34000	1	7
34000	1	7
34000	1	7
34000	1	7
34000	1	7
34000	1	9
34000	1	7
34000	1	8
34000	1	7
34000	1	7
34000	1	7
34000	1	7
34000	1	7
34000	1	7
34000	1	8
34000	1	7
34000	1	7
34000	1	7
34000	1	8
34000	1	6
34000	1	7
34000	1	7
34000	1	7
34000	1	7
34000	1	8	7
34000	2	3
34000	2	3
34000	2	3
34000	2	3
34000	2	3
34000	2	3
34000	2	3
34000	2	3
34000	2	4
34000	2	3
34000	2	3
34000	2	4
34000	2	4
34000	2	3
34000	2	3
34000	2	3
34000	2	3
34000	2	3
34000	2	3
34000	2	3
34000	2	3
34000	2	4
34000	2	3
34000	2	3
34000	2	4
34000	2	4
34000	2	3
34000	2	3
34000	2	3
34000	2	3
34000	2	3
34000	2	4
34000	2	3
34000	2	3
34000	2	3
34000	2	3
34000	2	3
34000	2	4
34000	2	3
34000	2	3
34000	2	3
34000	2	3
34000	2	3
34000	2	3
34000	2	4
34000	2	4
34000	2	3
34000	2	3
34000	2	3
34000	2	3	3
35000	1	8
35000	1	8
35000	1	9
35000	1	8
35000	1	7
35000	1	6
35000	1	7
35000	1	7
35000	1	7
35000	1	7
35000	1	8
35000	1	7
35000	1	6
35000	1	7
35000	1	7
35000	1	7
35000	1	8
35000	1	7
35000	1	8
35000	1	7
35000	1	8
35000	1	9
35000	1	9
35000	1	8
35000	1	7
35000	1	7
35000	1	7
35000	1	10
35000	1	7
35000	1	7
35000	1	7
35000	1	7
35000	1	7
35000	1	8
35000	1	8
35000	1	7
35000	1	7
35000	1	8
35000	1	7
35000	1	8
35000	1	7
35000	1	7
35000	1	7
35000	1	7
35000	1	7
35000	1	7
35000	1	8
35000	1	7
35000	1	7
35000	1	9	7
35000	2	3
35000	2	3
35000	2	3
35000	2	4
35000	2	3
35000	2	4
35000	2	3
35000	2	3
35000	2	3
35000	2	3
35000	2	3
35000	2	3
35000	2	3
35000	2	3
35000	2	4
35000	2	3
35000	2	3
35000	2	4
35000	2	3
35000	2	3
35000	2	4
35000	2	3
35000	2	4
35000	2	3
35000	2	3
35000	2	4
35000	2	3
35000	2	3
35000	2	3
35000	2	3
35000	2	3
35000	2	3
35000	2	3
35000	2	3
35000	2	3
35000	2	3
35000	2	3
35000	2	4
35000	2	4
35000	2	3
35000	2	4
35000	2	3
35000	2	3
35000	2	3
35000	2	3
35000	2	3
35000	2	3
35000	2	3
35000	2	3
35000	2	3	3
36000	1	8
36000	1	7
36000	1	7
36000	1	7
36000	1	7
36000	1	8
36000	1	8
36000	1	7
36000	1	7
36000	1	8
36000	1	7
36000	1	7
36000	1	7
36000	1	8
36000	1	7
36000	1	7
36000	1	7
36000	1	7
36000	1	8
36000	1	8
36000	1	8
36000	1	7
36000	1	8
36000	1	8
36000	1	7
36000	1	7
36000	1	8
36000	1	7
36000	1	7
36000	1	7
36000	1	7
36000	1	7
36000	1	7
36000	1	8
36000	1	7
36000	1	7
36000	1	7
36000	1	8
36000	1	7
36000	1	7
36000	1	9
36000	1	7
36000	1	7
36000	1	7
36000	1	7
36000	1	6
36000	1	7
36000	1	7
36000	1	7
36000	1	7	7
36000	2	3
36000	2	4
36000	2	3
36000	2	4
36000	2	3
36000	2	3
36000	2	3
36000	2	3
36000	2	3
36000	2	4
36000	2	3
36000	2	3
36000	2	3
36000	2	3
36000	2	3
36000	2	4
36000	2	3
36000	2	3
36000	2	3
36000	2	3
36000	2	3
36000	2	4
36000	2	3
36000	2	3
36000	2	3
36000	2	3
36000	2	3
36000	2	3
36000	2	3
36000	2	3
36000	2	4
36000	2	3
36000	2	4
36000	2	3
36000	2	3
36000	2	3
36000	2	3
36000	2	4
36000	2	4
36000	2	3
36000	2	4
36000	2	3
36000	2	3
36000	2	3
36000	2	3
36000	2	4
36000	2	3
36000	2	3
36000	2	4
36000	2	3	3
37000	1	8
37000	1	7
37000	1	8
37000	1	7
37000	1	7
37000	1	7
37000	1	7
37000	1	7
37000	1	9
37000	1	8
37000	1	7
37000	1	7
37000	1	8
37000	1	7
37000	1	7
37000	1	7
37000	1	7
37000	1	7
37000	1	7
37000	1	7
37000	1	6
37000	1	7
37000	1	7
37000	1	8
37000	1	8
37000	1	7
37000	1	8
37000	1	7
37000	1	7
37000	1	7
37000	1	7
37000	1	7
37000	1	8
37000	1	7
37000	1	8
37000	1	7
37000	1	7
37000	1	8
37000	1	7
37000	1	7
37000	1	6
37000	1	7
37000	1	7
37000	1	7
37000	1	7
37000	1	8
37000	1	7
37000	1	7
37000	1	8
37000	1	8	7
37000	2	3
37000	2	3
37000	2	3
37000	2	3
37000	2	3
37000	2	3
37000	2	3
37000	2	3
37000	2	3
37000	2	3
37000	2	3
37000	2	3
37000	2	3
37000	2	3
37000	2	3
37000	2	3
37000	2	3
37000	2	4
37000	2	3
37000	2	3
37000	2	3
37000	2	3
37000	2	4
37000	2	3
37000	2	3
37000	2	3
37000	2	3
37000	2	3
37000	2	3
37000	2	3
37000	2	3
37000	2	4
37000	2	3
37000	2	3
37000	2	4
37000	2	3
37000	2	3
37000	2	3
37000	2	3
37000	2	4
37000	2	4
37000	2	3
37000	2	3
37000	2	3
37000	2	3
37000	2	3
37000	2	3
37000	2	3
37000	2	3
37000	2	3	3
38000	1	7
38000	1	7
38000	1	7
38000	1	8
38000	1	7
38000	1	9
38000	1	8
38000	1	8
38000	1	7
38000	1	7
38000	1	7
38000	1	7
38000	1	8
38000	1	7
38000	1	7
38000	1	9
38000	1	8
38000	1	7
38000	1	7
38000	1	8
38000	1	7
38000	1	7
38000	1	8
38000	1	7
38000	1	7
38000	1	7
38000	1	7
38000	1	7
38000	1	8
38000	1	8
38000	1	7
38000	1	8
38000	1	8
38000	1	8
38000	1	7
38000	1	7
38000	1	8
38000	1	7
38000	1	7
38000	1	6
38000	1	6
38000	1	7
38000	1	7
38000	1	7
38000	1	8
38000	1	7
38000	1	7
38000	1	8
38000	1	7
38000	1	7	7
38000	2	3
38000	2	3
38000	2	3
38000	2	3
38000	2	3
38000	2	3
38000	2	3
38000	2	3
38000	2	3
38000	2	3
38000	2	3
38000	2	3
38000	2	3
38000	2	3
38000	2	3
38000	2	3
38000	2	3
38000	2	3
38000	2	3
38000	2	3
38000	2	3
38000	2	3
38000	2	3
38000	2	3
38000	2	3
38000	2	3
38000	2	4
38000	2	3
38000	2	3
38000	2	3
38000	2	4
38000	2	4
38000	2	3
38000	2	3
38000	2	3
38000	2	4
38000	2	3
38000	2	4
38000	2	3
38000	2	4
38000	2	3
38000	2	3
38000	2	4
38000	2	4
38000	2	4
38000	2	3
38000	2	3
38000	2	3
38000	2	4
38000	2	3	3
39000	1	7
39000	1	7
39000	1	7
39000	1	8
39000	1	8
39000	1	8
39000	1	7
39000	1	9
39000	1	8
39000	1	7
39000	1	7
39000	1	7
39000	1	7
39000	1	8
39000	1	9
39000	1	7
39000	1	7
39000	1	8
39000	1	8
39000	1	10
39000	1	8
39000	1	7
39000	1	7
39000	1	7
39000	1	7
39000	1	7
39000	1	7
39000	1	7
39000	1	7
39000	1	7
39000	1	7
39000	1	7
39000	1	8
39000	1	8
39000	1	10
39000	1	7
39000	1	7
39000	1	7
39000	1	7
39000	1	7
39000	1	7
39000	1	7
39000	1	7
39000	1	7
39000	1	7
39000	1	7
39000	1	8
39000	1	9
39000	1	8
39000	1	8	7
39000	2	3
39000	2	4
39000	2	3
39000	2	3
39000	2	3
39000	2	3
39000	2	3
39000	2	3
39000	2	3
39000	2	4
39000	2	3
39000	2	3
39000	2	4
39000	2	3
39000	2	3
39000	2	3
39000	2	4
39000	2	3
39000	2	3
39000	2	3
39000	2	4
39000	2	3
39000	2	3
39000	2	3
39000	2	3
39000	2	3
39000	2	4
39000	2	4
39000	2	3
39000	2	3
39000	2	4
39000	2	3
39000	2	4
39000	2	4
39000	2	4
39000	2	3
39000	2	3
39000	2	4
39000	2	3
39000	2	3
39000	2	3
39000	2	4
39000	2	3
39000	2	3
39000	2	3
39000	2	3
39000	2	3
39000	2	4
39000	2	3
39000	2	3	3
40000	1	7
40000	1	8
40000	1	7
40000	1	8
40000	1	8
40000	1	7
40000	1	8
40000	1	8
40000	1	7
40000	1	7
40000	1	7
40000	1	7
40000	1	7
40000	1	7
40000	1	7
40000	1	8
40000	1	6
40000	1	7
40000	1	7
40000	1	7
40000	1	7
40000	1	7
40000	1	8
40000	1	8
40000	1	7
40000	1	7
40000	1	7
40000	1	8
40000	1	8
40000	1	7
40000	1	7
40000	1	8
40000	1	7
40000	1	8
40000	1	8
40000	1	7
40000	1	7
40000	1	7
40000	1	8
40000	1	7
40000	1	7
40000	1	7
40000	1	7
40000	1	7
40000	1	7
40000	1	8
40000	1	8
40000	1	7
40000	1	7
40000	1	8	7
40000	2	3
40000	2	4
40000	2	4
40000	2	3
40000	2	4
40000	2	3
40000	2	3
40000	2	3
40000	2	3
40000	2	4
40000	2	3
40000	2	3
40000	2	3
40000	2	3
40000	2	3
40000	2	3
40000	2	3
40000	2	3
40000	2	3
40000	2	3
40000	2	4
40000	2	3
40000	2	3
40000	2	3
40000	2	4
40000	2	3
40000	2	4
40000	2	3
40000	2	3
40000	2	3
40000	2	3
40000	2	4
40000	2	3
40000	2	3
40000	2	3
40000	2	3
40000	2	3
40000	2	4
40000	2	3
40000	2	4
40000	2	4
40000	2	3
40000	2	3
40000	2	3
40000	2	3
40000	2	3
40000	2	3
40000	2	3
40000	2	3
40000	2	3	3
41000	1	8
41000	1	7
41000	1	8
41000	1	8
41000	1	7
41000	1	7
41000	1	7
41000	1	7
41000	1	7
41000	1	7
41000	1	6
41000	1	7
41000	1	8
41000	1	7
41000	1	7
41000	1	6
41000	1	7
41000	1	9
41000	1	8
41000	1	7
41000	1	7
41000	1	8
41000	1	8
41000	1	8
41000	1	8
41000	1	8
41000	1	8
41000	1	7
41000	1	7
41000	1	7
41000	1	8
41000	1	7
41000	1	8
41000	1	7
41000	1	7
41000	1	8
41000	1	8
41000	1	7
41000	1	8
41000	1	7
41000	1	7
41000	1	8
41000	1	7
41000	1	8
41000	1	7
41000	1	7
41000	1	7
41000	1	7
41000	1	8
41000	1	8	7
41000	2	3
41000	2	3
41000	2	3
41000	2	3
41000	2	3
41000	2	4
41000	2	3
41000	2	3
41000	2	3
41000	2	3
41000	2	4
41000	2	3
41000	2	3
41000	2	3
41000	2	3
41000	2	4
41000	2	4
41000	2	3
41000	2	4
41000	2	3
41000	2	3
41000	2	3
41000	2	3
41000	2	3
41000	2	3
41000	2	3
41000	2	3
41000	2	3
41000	2	3
41000	2	4
41000	2	3
41000	2	3
41000	2	3
41000	2	3
41000	2	4
41000	2	3
41000	2	3
41000	2	3
41000	2	3
41000	2	4
41000	2	3
41000	2	3
41000	2	3
41000	2	3
41000	2	3
41000	2	3
41000	2	3
41000	2	3
41000	2	3
41000	2	3	3
42000	1	7
42000	1	7
42000	1	7
42000	1	8
42000	1	10
42000	1	7
42000	1	7
42000	1	8
42000	1	6
42000	1	8
42000	1	7
42000	1	7
42000	1	7
42000	1	8
42000	1	7
42000	1	7
42000	1	7
42000	1	8
42000	1	7
42000	1	7
42000	1	7
42000	1	7
42000	1	7
42000	1	7
42000	1	8
42000	1	8
42000	1	7
42000	1	7
42000	1	8
42000	1	7
42000	1	8
42000	1	8
42000	1	7
42000	1	7
42000	1	7
42000	1	8
42000	1	7
42000	1	8
42000	1	7
42000	1	9
42000	1	8
42000	1	7
42000	1	8
42000	1	8
42000	1	8
42000	1	8
42000	1	8
42000	1	7
42000	1	8
42000	1	7	7
42000	2	3
42000	2	4
42000	2	3
42000	2	3
42000	2	3
42000	2	3
42000	2	3
42000	2	3
42000	2	3
42000	2	3
42000	2	3
42000	2	3
42000	2	4
42000	2	4
42000	2	3
42000	2	3
42000	2	3
42000	2	3
42000	2	3
42000	2	3
42000	2	3
42000	2	3
42000	2	4
42000	2	3
42000	2	3
42000	2	3
42000	2	3
42000	2	3
42000	2	3
42000	2	3
42000	2	3
42000	2	4
42000	2	4
42000	2	3
42000	2	3
42000	2	3
42000	2	3
42000	2	3
42000	2	3
42000	2	3
42000	2	3
42000	2	4
42000	2	3
42000	2	3
42000	2	3
42000	2	3
42000	2	3
42000	2	3
42000	2	3
42000	2	3	3
43000	1	8
43000	1	7
43000	1	8
43000	1	7
43000	1	8
43000	1	7
43000	1	8
43000	1	7
43000	1	6
43000	1	7
43000	1	7
43000	1	7
43000	1	7
43000	1	7
43000	1	7
43000	1	7
43000	1	6
43000	1	6
43000	1	7
43000	1	7
43000	1	7
43000	1	8
43000	1	7
43000	1	8
43000	1	7
43000	1	7
43000	1	7
43000	1	7
43000	1	8
43000	1	7
43000	1	8
43000	1	8
43000	1	7
43000	1	7
43000	1	7
43000	1	7
43000	1	8
43000	1	7
43000	1	9
43000	1	8
43000	1	8
43000	1	7
43000	1	7
43000	1	8
43000	1	8
43000	1	7
43000	1	9
43000	1	7
43000	1	8
43000	1	7	7
43000	2	3
43000	2	3
43000	2	4
43000	2	3
43000	2	4
43000	2	3
43000	2	3
43000	2	4
43000	2	3
43000	2	3
43000	2	3
43000	2	4
43000	2	3
43000	2	3
43000	2	3
43000	2	3
43000	2	3
43000	2	3
43000	2	3
43000	2	4
43000	2	3
43000	2	3
43000	2	4
43000	2	3
43000	2	4
43000	2	4
43000	2	3
43000	2	3
43000	2	3
43000	2	4
43000	2	4
43000	2	4
43000	2	4
43000	2	3
43000	2	3
43000	2	3
43000	2	3
43000	2	3
43000	2	3
43000	2	3
43000	2	3
43000	2	3
43000	2	3
43000	2	3
43000	2	4
43000	2	4
43000	2	3
43000	2	3
43000	2	3
43000	2	3	3
44000	1	7
44000	1	8
44000	1	7
44000	1	7
44000	1	7
44000	1	7
44000	1	6
44000	1	7
44000	1	9
44000	1	9
44000	1	8
44000	1	8
44000	1	7
44000	1	7
44000	1	9
44000	1	7
44000	1	7
44000	1	8
44000	1	8
44000	1	9
44000	1	7
44000	1	8
44000	1	9
44000	1	6
44000	1	7
44000	1	7
44000	1	7
44000	1	7
44000	1	7
44000	1	7
44000	1	7
44000	1	7
44000	1	8
44000	1	8
44000	1	7
44000	1	7
44000	1	7
44000	1	7
44000	1	8
44000	1	7
44000	1	6
44000	1	8
44000	1	8
44000	1	7
44000	1	7
44000	1	7
44000	1	7
44000	1	8
44000	1	7
44000	1	7	7
44000	2	3
44000	2	3
44000	2	3
44000	2	3
44000	2	3
44000	2	3
44000	2	3
44000	2	3
44000	2	4
44000	2	4
44000	2	3
44000	2	3
44000	2	3
44000	2	3
44000	2	3
44000	2	4
44000	2	3
44000	2	4
44000	2	3
44000	2	3
44000	2	3
44000	2	4
44000	2	3
44000	2	4
44000	2	3
44000	2	3
44000	2	4
44000	2	4
44000	2	3
44000	2	3
44000	2	3
44000	2	3
44000	2	3
44000	2	3
44000	2	3
44000	2	3
44000	2	3
44000	2	4
44000	2	4
44000	2	4
44000	2	3
44000	2	3
44000	2	3
44000	2	3
44000	2	4
44000	2	3
44000	2	3
44000	2	3
44000	2	3
44000	2	3	3
45000	1	9
45000	1	8
45000	1	7
45000	1	7
45000	1	9
45000	1	7
45000	1	7
45000	1	8
45000	1	8
45000	1	7
45000	1	7
45000	1	7
45000	1	7
45000	1	7
45000	1	7
45000	1	8
45000	1	7
45000	1	7
45000	1	7
45000	1	7
45000	1	7
45000	1	7
45000	1	6
45000	1	7
45000	1	7
45000	1	7
45000	1	8
45000	1	7
45000	1	7
45000	1	7
45000	1	8
45000	1	8
45000	1	7
45000	1	8
45000	1	8
45000	1	8
45000	1	8
45000	1	7
45000	1	8
45000	1	7
45000	1	7
45000	1	9
45000	1	7
45000	1	9
45000	1	8
45000	1	7
45000	1	7
45000	1	8
45000	1	7
45000	1	7	7
45000	2	3
45000	2	4
45000	2	4
45000	2	3
45000	2	3
45000	2	4
45000	2	3
45000	2	3
45000	2	4
45000	2	3
45000	2	3
45000	2	3
45000	2	3
45000	2	3
45000	2	4
45000	2	3
45000	2	4
45000	2	4
45000	2	3
45000	2	4
45000	2	3
45000	2	3
45000	2	3
45000	2	3
45000	2	3
45000	2	3
45000	2	3
45000	2	3
45000	2	4
45000	2	3
45000	2	3
45000	2	4
45000	2	3
45000	2	3
45000	2	4
45000	2	3
45000	2	3
45000	2	3
45000	2	3
45000	2	3
45000	2	3
45000	2	4
45000	2	4
45000	2	3
45000	2	3
45000	2	3
45000	2	3
45000	2	3
45000	2	4
45000	2	3	3
46000	1	7
46000	1	7
46000	1	7
46000	1	7
46000	1	9
46000	1	10
46000	1	8
46000	1	8
46000	1	7
46000	1	7
46000	1	8
46000	1	9
46000	1	7
46000	1	7
46000	1	7
46000	1	7
46000	1	8
46000	1	7
46000	1	8
46000	1	7
46000	1	8
46000	1	7
46000	1	7
46000	1	7
46000	1	8
46000	1	8
46000	1	7
46000	1	7
46000	1	7
46000	1	8
46000	1	7
46000	1	7
46000	1	7
46000	1	8
46000	1	7
46000	1	7
46000	1	7
46000	1	7
46000	1	7
46000	1	7
46000	1	7
46000	1	8
46000	1	9
46000	1	8
46000	1	7
46000	1	8
46000	1	8
46000	1	7
46000	1	8
46000	1	7	7
46000	2	3
46000	2	4
46000	2	3
46000	2	3
46000	2	3
46000	2	3
46000	2	3
46000	2	3
46000	2	4
46000	2	3
46000	2	3
46000	2	3
46000	2	3
46000	2	3
46000	2	4
46000	2	3
46000	2	3
46000	2	3
46000	2	3
46000	2	3
46000	2	3
46000	2	3
46000	2	3
46000	2	3
46000	2	3
46000	2	3
46000	2	4
46000	2	4
46000	2	4
46000	2	3
46000	2	3
46000	2	4
46000	2	3
46000	2	3
46000	2	3
46000	2	3
46000	2	4
46000	2	3
46000	2	3
46000	2	3
46000	2	3
46000	2	3
46000	2	4
46000	2	3
46000	2	3
46000	2	3
46000	2	3
46000	2	3
46000	2	3
46000	2	3	3
47000	1	8
47000	1	8
47000	1	7
47000	1	8
47000	1	7
47000	1	8
47000	1	7
47000	1	8
47000	1	7
47000	1	7
47000	1	7
47000	1	7
47000	1	7
47000	1	7
47000	1	7
47000	1	7
47000	1	8
47000	1	7
47000	1	7
47000	1	7
47000	1	8
47000	1	7
47000	1	7
47000	1	7
47000	1	7
47000	1	7
47000	1	7
47000	1	7
47000	1	8
47000	1	7
47000	1	8
47000	1	7
47000	1	7
47000	1	8
47000	1	7
47000	1	7
47000	1	7
47000	1	8
47000	1	7
47000	1	8
47000	1	7
47000	1	7
47000	1	8
47000	1	7
47000	1	7
47000	1	7
47000	1	7
47000	1	8
47000	1	7
47000	1	8	7
47000	2	3
47000	2	3
47000	2	3
47000	2	3
47000	2	3
47000	2	3
47000	2	4
47000	2	4
47000	2	3
47000	2	3
47000	2	3
47000	2	3
47000	2	3
47000	2	3
47000	2	3
47000	2	3
47000	2	3
47000	2	4
47000	2	3
47000	2	4
47000	2	4
47000	2	4
47000	2	3
47000	2	4
47000	2	3
47000	2	3
47000	2	4
47000	2	3
47000	2	3
47000	2	3
47000	2	4
47000	2	4
47000	2	3
47000	2	4
47000	2	4
47000	2	3
47000	2	3
47000	2	3
47000	2	3
47000	2	3
47000	2	3
47000	2	3
47000	2	3
47000	2	3
47000	2	3
47000	2	4
47000	2	4
47000	2	3
47000	2	3
47000	2	4	3
48000	1	8
48000	1	7
48000	1	8
48000	1	7
48000	1	8
48000	1	7
48000	1	7
48000	1	7
48000	1	7
48000	1	8
48000	1	8
48000	1	8
48000	1	8
48000	1	8
48000	1	8
48000	1	8
48000	1	7
48000	1	8
48000	1	7
48000	1	9
48000	1	8
48000	1	7
48000	1	7
48000	1	8
48000	1	7
48000	1	8
48000	1	7
48000	1	7
48000	1	7
48000	1	8
48000	1	8
48000	1	7
48000	1	6
48000	1	8
48000	1	7
48000	1	8
48000	1	7
48000	1	7
48000	1	7
48000	1	9
48000	1	7
48000	1	8
48000	1	7
48000	1	7
48000	1	7
48000	1	7
48000	1	8
48000	1	9
48000	1	8
48000	1	8	7
48000	2	3
48000	2	3
48000	2	3
48000	2	3
48000	2	3
48000	2	3
48000	2	3
48000	2	4
48000	2	4
48000	2	4
48000	2	4
48000	2	4
48000	2	4
48000	2	3
48000	2	4
48000	2	4
48000	2	3
48000	2	3
48000	2	3
48000	2	3
48000	2	3
48000	2	3
48000	2	3
48000	2	3
48000	2	3
48000	2	4
48000	2	3
48000	2	3
48000	2	3
48000	2	3
48000	2	3
48000	2	3
48000	2	3
48000	2	3
48000	2	3
48000	2	3
48000	2	3
48000	2	3
48000	2	3
48000	2	3
48000	2	3
48000	2	4
48000	2	3
48000	2	3
48000	2	3
48000	2	3
48000	2	3
48000	2	3
48000	2	3
48000	2	3	3
49000	1	7
49000	1	7
49000	1	10
49000	1	6
49000	1	8
49000	1	7
49000	1	8
49000	1	10
49000	1	7
49000	1	8
49000	1	8
49000	1	7
49000	1	8
49000	1	8
49000	1	8
49000	1	8
49000	1	8
49000	1	8
49000	1	7
49000	1	7
49000	1	7
49000	1	7
49000	1	7
49000	1	7
49000	1	7
49000	1	7
49000	1	8
49000	1	8
49000	1	7
49000	1	8
49000	1	7
49000	1	8
49000	1	7
49000	1	7
49000	1	8
49000	1	7
49000	1	7
49000	1	7
49000	1	7
49000	1	7
49000	1	7
49000	1	8
49000	1	7
49000	1	7
49000	1	7
49000	1	8
49000	1	7
49000	1	8
49000	1	7
49000	1	7	7
49000	2	4
49000	2	3
49000	2	3
49000	2	4
49000	2	4
49000	2	3
49000	2	4
49000	2	3
49000	2	3
49000	2	3
49000	2	4
49000	2	3
49000	2	3
49000	2	3
49000	2	3
49000	2	3
49000	2	3
49000	2	4
49000	2	3
49000	2	3
49000	2	4
49000	2	3
49000	2	3
49000	2	3
49000	2	4
49000	2	4
49000	2	4
49000	2	3
49000	2	3
49000	2	3
49000	2	4
49000	2	4
49000	2	3
49000	2	3
49000	2	3
49000	2	3
49000	2	3
49000	2	4
49000	2	4
49000	2	3
49000	2	3
49000	2	3
49000	2	3
49000	2	4
49000	2	4
49000	2	3
49000	2	3
49000	2	3
49000	2	3
49000	2	3	3
50000	1	8
50000	1	7
50000	1	8
50000	1	7
50000	1	7
50000	1	7
50000	1	7
50000	1	7
50000	1	8
50000	1	9
50000	1	8
50000	1	9
50000	1	7
50000	1	7
50000	1	8
50000	1	8
50000	1	10
50000	1	8
50000	1	8
50000	1	8
50000	1	7
50000	1	8
50000	1	7
50000	1	8
50000	1	8
50000	1	7
50000	1	7
50000	1	8
50000	1	7
50000	1	8
50000	1	7
50000	1	8
50000	1	8
50000	1	7
50000	1	7
50000	1	7
50000	1	7
50000	1	7
50000	1	8
50000	1	8
50000	1	7
50000	1	7
50000	1	7
50000	1	8
50000	1	8
50000	1	7
50000	1	7
50000	1	8
50000	1	7
50000	1	8	7
50000	2	3
50000	2	4
50000	2	4
50000	2	3
50000	2	4
50000	2	3
50000	2	4
50000	2	3
50000	2	4
50000	2	4
50000	2	3
50000	2	3
50000	2	3
50000	2	3
50000	2	3
50000	2	3
50000	2	3
50000	2	4
50000	2	3
50000	2	3
50000	2	4
50000	2	4
50000	2	3
50000	2	3
50000	2	3
50000	2	3
50000	2	3
50000	2	3
50000	2	3
50000	2	3
50000	2	4
50000	2	4
50000	2	4
50000	2	3
50000	2	4
50000	2	4
50000	2	3
50000	2	3
50000	2	3
50000	2	3
50000	2	3
50000	2	3
50000	2	4
50000	2	3
50000	2	3
50000	2	3
50000	2	3
50000	2	4
50000	2	3
50000	2	3	3
51000	1	7
51000	1	7
51000	1	7
51000	1	7
51000	1	8
51000	1	7
51000	1	8
51000	1	7
51000	1	8
51000	1	7
51000	1	7
51000	1	6
51000	1	7
51000	1	7
51000	1	8
51000	1	8
51000	1	7
51000	1	7
51000	1	8
51000	1	7
51000	1	8
51000	1	8
51000	1	9
51000	1	7
51000	1	6
51000	1	8
51000	1	7
51000	1	8
51000	1	8
51000	1	7
51000	1	7
51000	1	7
51000	1	7
51000	1	7
51000	1	8
51000	1	8
51000	1	7
51000	1	7
51000	1	8
51000	1	8
51000	1	8
51000	1	8
51000	1	7
51000	1	7
51000	1	9
51000	1	7
51000	1	7
51000	1	9
51000	1	7
51000	1	8	7
51000	2	4
51000	2	4
51000	2	3
51000	2	3
51000	2	3
51000	2	4
51000	2	3
51000	2	4
51000	2	3
51000	2	3
51000	2	3
51000	2	4
51000	2	3
51000	2	4
51000	2	3
51000	2	3
51000	2	3
51000	2	3
51000	2	3
51000	2	4
51000	2	3
51000	2	3
51000	2	3
51000	2	3
51000	2	4
51000	2	3
51000	2	3
51000	2	3
51000	2	3
51000	2	3
51000	2	3
51000	2	3
51000	2	3
51000	2	4
51000	2	3
51000	2	3
51000	2	3
51000	2	4
51000	2	3
51000	2	4
51000	2	4
51000	2	4
51000	2	3
51000	2	3
51000	2	3
51000	2	3
51000	2	4
51000	2	3
51000	2	3
51000	2	3	3
52000	1	9
52000	1	8
52000	1	7
52000	1	9
52000	1	7
52000	1	8
52000	1	8
52000	1	8
52000	1	7
52000	1	9
52000	1	8
52000	1	7
52000	1	7
52000	1	7
52000	1	7
52000	1	8
52000	1	7
52000	1	7
52000	1	7
52000	1	8
52000	1	7
52000	1	8
52000	1	9
52000	1	7
52000	1	7
52000	1	7
52000	1	7
52000	1	8
52000	1	8
52000	1	7
52000	1	8
52000	1	7
52000	1	6
52000	1	7
52000	1	7
52000	1	7
52000	1	8
52000	1	7
52000	1	7
52000	1	8
52000	1	7
52000	1	7
52000	1	8
52000	1	8
52000	1	7
52000	1	7
52000	1	7
52000	1	7
52000	1	7
52000	1	7	7
52000	2	3
52000	2	3
52000	2	3
52000	2	3
52000	2	4
52000	2	3
52000	2	3
52000	2	4
52000	2	3
52000	2	3
52000	2	4
52000	2	3
52000	2	3
52000	2	3
52000	2	3
52000	2	3
52000	2	4
52000	2	4
52000	2	3
52000	2	4
52000	2	4
52000	2	4
52000	2	3
52000	2	3
52000	2	3
52000	2	3
52000	2	4
52000	2	4
52000	2	3
52000	2	3
52000	2	3
52000	2	3
52000	2	3
52000	2	3
52000	2	3
52000	2	3
52000	2	3
52000	2	3
52000	2	3
52000	2	3
52000	2	3
52000	2	4
52000	2	3
52000	2	3
52000	2	4
52000	2	3
52000	2	3
52000	2	3
52000	2	4
52000	2	3	3
53000	1	8
53000	1	7
53000	1	7
53000	1	8
53000	1	7
53000	1	8
53000	1	7
53000	1	7
53000	1	7
53000	1	8
53000	1	9
53000	1	7
53000	1	9
53000	1	7
53000	1	7
53000	1	8
53000	1	9
53000	1	8
53000	1	7
53000	1	7
53000	1	8
53000	1	8
53000	1	7
53000	1	9
53000	1	7
53000	1	8
53000	1	8
53000	1	7
53000	1	7
53000	1	7
53000	1	8
53000	1	8
53000	1	7
53000	1	7
53000	1	6
53000	1	7
53000	1	7
53000	1	8
53000	1	7
53000	1	7
53000	1	8
53000	1	8
53000	1	8
53000	1	7
53000	1	7
53000	1	8
53000	1	7
53000	1	8
53000	1	8
53000	1	7	7
53000	2	3
53000	2	4
53000	2	3
53000	2	4
53000	2	4
53000	2	4
53000	2	4
53000	2	3
53000	2	3
53000	2	4
53000	2	3
53000	2	3
53000	2	3
53000	2	4
53000	2	3
53000	2	3
53000	2	4
53000	2	4
53000	2	3
53000	2	3
53000	2	3
53000	2	3
53000	2	3
53000	2	3
53000	2	3
53000	2	3
53000	2	3
53000	2	4
53000	2	4
53000	2	4
53000	2	4
53000	2	3
53000	2	3
53000	2	3
53000	2	3
53000	2	3
53000	2	4
53000	2	4
53000	2	3
53000	2	4
53000	2	3
53000	2	3
53000	2	4
53000	2	4
53000	2	3
53000	2	3
53000	2	3
53000	2	3
53000	2	4
53000	2	3	3
54000	1	7
54000	1	7
54000	1	8
54000	1	9
54000	1	7
54000	1	7
54000	1	7
54000	1	7
54000	1	7
54000	1	7
54000	1	7
54000	1	7
54000	1	7
54000	1	8
54000	1	7
54000	1	7
54000	1	8
54000	1	7
54000	1	8
54000	1	7
54000	1	9
54000	1	7
54000	1	7
54000	1	8
54000	1	7
54000	1	8
54000	1	8
54000	1	7
54000	1	7
54000	1	8
54000	1	9
54000	1	7
54000	1	6
54000	1	7
54000	1	8
54000	1	9
54000	1	7
54000	1	8
54000	1	8
54000	1	7
54000	1	8
54000	1	7
54000	1	7
54000	1	7
54000	1	7
54000	1	7
54000	1	7
54000	1	8
54000	1	7
54000	1	7	7
54000	2	3
54000	2	3
54000	2	3
54000	2	4
54000	2	3
54000	2	3
54000	2	3
54000	2	3
54000	2	3
54000	2	3
54000	2	4
54000	2	3
54000	2	3
54000	2	3
54000	2	3
54000	2	3
54000	2	3
54000	2	4
54000	2	3
54000	2	4
54000	2	4
54000	2	4
54000	2	3
54000	2	3
54000	2	3
54000	2	3
54000	2	3
54000	2	4
54000	2	3
54000	2	3
54000	2	3
54000	2	4
54000	2	4
54000	2	3
54000	2	3
54000	2	3
54000	2	3
54000	2	4
54000	2	3
54000	2	3
54000	2	3
54000	2	3
54000	2	3
54000	2	3
54000	2	3
54000	2	3
54000	2	4
54000	2	4
54000	2	3
54000	2	3	3
55000	1	7
55000	1	7
55000	1	7
55000	1	8
55000	1	8
55000	1	7
55000	1	7
55000	1	7
55000	1	8
55000	1	8
55000	1	9
55000	1	7
55000	1	7
55000	1	7
55000	1	8
55000	1	7
55000	1	8
55000	1	7
55000	1	7
55000	1	8
55000	1	7
55000	1	7
55000	1	7
55000	1	8
55000	1	7
55000	1	7
55000	1	7
55000	1	7
55000	1	7
55000	1	8
55000	1	7
55000	1	7
55000	1	7
55000	1	8
55000	1	8
55000	1	10
55000	1	7
55000	1	7
55000	1	7
55000	1	8
55000	1	7
55000	1	7
55000	1	7
55000	1	7
55000	1	8
55000	1	8
55000	1	8
55000	1	7
55000	1	7
55000	1	7	7
55000	2	3
55000	2	3
55000	2	4
55000	2	3
55000	2	3
55000	2	3
55000	2	4
55000	2	4
55000	2	3
55000	2	4
55000	2	3
55000	2	4
55000	2	4
55000	2	3
55000	2	4
55000	2	3
55000	2	3
55000	2	3
55000	2	3
55000	2	3
55000	2	3
55000	2	3
55000	2	4
55000	2	3
55000	2	3
55000	2	3
55000	2	4
55000	2	3
55000	2	4
55000	2	4
55000	2	4
55000	2	3
55000	2	4
55000	2	3
55000	2	3
55000	2	4
55000	2	3
55000	2	3
55000	2	3
55000	2	3
55000	2	3
55000	2	4
55000	2	3
55000	2	3
55000	2	3
55000	2	3
55000	2	3
55000	2	3
55000	2	3
55000	2	3	3
56000	1	7
56000	1	7
56000	1	7
56000	1	7
56000	1	8
56000	1	7
56000	1	7
56000	1	7
56000	1	9
56000	1	10
56000	1	7
56000	1	7
56000	1	9
56000	1	6
56000	1	8
56000	1	8
56000	1	8
56000	1	9
56000	1	9
56000	1	9
56000	1	8
56000	1	8
56000	1	7
56000	1	7
56000	1	7
56000	1	7
56000	1	9
56000	1	7
56000	1	8
56000	1	8
56000	1	7
56000	1	7
56000	1	7
56000	1	7
56000	1	7
56000	1	7
56000	1	7
56000	1	8
56000	1	7
56000	1	7
56000	1	7
56000	1	7
56000	1	7
56000	1	7
56000	1	7
56000	1	8
56000	1	7
56000	1	8
56000	1	7
56000	1	7	7
56000	2	3
56000	2	3
56000	2	3
56000	2	3
56000	2	3
56000	2	3
56000	2	3
56000	2	3
56000	2	3
56000	2	3
56000	2	4
56000	2	4
56000	2	4
56000	2	3
56000	2	3
56000	2	3
56000	2	4
56000	2	4
56000	2	3
56000	2	3
56000	2	4
56000	2	3
56000	2	3
56000	2	4
56000	2	3
56000	2	3
56000	2	3
56000	2	3
56000	2	3
56000	2	3
56000	2	3
56000	2	3
56000	2	3
56000	2	3
56000	2	3
56000	2	3
56000	2	3
56000	2	3
56000	2	3
56000	2	4
56000	2	3
56000	2	4
56000	2	3
56000	2	4
56000	2	3
56000	2	3
56000	2	4
56000	2	4
56000	2	3
56000	2	4	3
57000	1	7
57000	1	7
57000	1	7
57000	1	8
57000	1	8
57000	1	8
57000	1	7
57000	1	7
57000	1	7
57000	1	7
57000	1	9
57000	1	8
57000	1	7
57000	1	8
57000	1	7
57000	1	7
57000	1	8
57000	1	7
57000	1	7
57000	1	8
57000	1	8
57000	1	7
57000	1	7
57000	1	7
57000	1	8
57000	1	7
57000	1	7
57000	1	7
57000	1	7
57000	1	7
57000	1	8
57000	1	7
57000	1	8
57000	1	8
57000	1	7
57000	1	8
57000	1	7
57000	1	7
57000	1	7
57000	1	7
57000	1	8
57000	1	7
57000	1	7
57000	1	8
57000	1	8
57000	1	9
57000	1	8
57000	1	7
57000	1	8
57000	1	7	7
57000	2	3
57000	2	3
57000	2	4
57000	2	4
57000	2	3
57000	2	3
57000	2	3
57000	2	4
57000	2	3
57000	2	3
57000	2	3
57000	2	4
57000	2	3
57000	2	3
57000	2	3
57000	2	4
57000	2	3
57000	2	3
57000	2	3
57000	2	3
57000	2	3
57000	2	3
57000	2	4
57000	2	4
57000	2	3
57000	2	3
57000	2	3
57000	2	4
57000	2	3
57000	2	3
57000	2	3
57000	2	3
57000	2	3
57000	2	4
57000	2	4
57000	2	3
57000	2	3
57000	2	3
57000	2	3
57000	2	3
57000	2	3
57000	2	3
57000	2	3
57000	2	3
57000	2	4
57000	2	3
57000	2	3
57000	2	4
57000	2	3
57000	2	3	3
58000	1	7
58000	1	8
58000	1	8
58000	1	7
58000	1	7
58000	1	7
58000	1	7
58000	1	7
58000	1	7
58000	1	8
58000	1	7
58000	1	9
58000	1	8
58000	1	8
58000	1	7
58000	1	8
58000	1	7
58000	1	7
58000	1	7
58000	1	8
58000	1	7
58000	1	7
58000	1	7
58000	1	7
58000	1	7
58000	1	7
58000	1	7
58000	1	8
58000	1	8
58000	1	7
58000	1	7
58000	1	8
58000	1	8
58000	1	8
58000	1	7
58000	1	8
58000	1	8
58000	1	7
58000	1	8
58000	1	7
58000	1	8
58000	1	7
58000	1	7
58000	1	7
58000	1	7
58000	1	8
58000	1	8
58000	1	7
58000	1	7
58000	1	8	7
58000	2	3
58000	2	3
58000	2	3
58000	2	3
58000	2	3
58000	2	3
58000	2	3
58000	2	3
58000	2	3
58000	2	4
58000	2	3
58000	2	3
58000	2	3
58000	2	3
58000	2	3
58000	2	3
58000	2	3
58000	2	3
58000	2	4
58000	2	3
58000	2	3
58000	2	3
58000	2	3
58000	2	3
58000	2	3
58000	2	4
58000	2	4
58000	2	3
58000	2	3
58000	2	3
58000	2	3
58000	2	3
58000	2	3
58000	2	3
58000	2	3
58000	2	4
58000	2	3
58000	2	4
58000	2	4
58000	2	3
58000	2	3
58000	2	3
58000	2	3
58000	2	3
58000	2	4
58000	2	4
58000	2	3
58000	2	3
58000	2	3
58000	2	3	3
59000	1	8
59000	1	7
59000	1	7
59000	1	7
59000	1	8
59000	1	7
59000	1	8
59000	1	7
59000	1	9
59000	1	7
59000	1	8
59000	1	7
59000	1	8
59000	1	8
59000	1	8
59000	1	7
59000	1	7
59000	1	8
59000	1	8
59000	1	8
59000	1	9
59000	1	9
59000	1	8
59000	1	7
59000	1	8
59000	1	8
59000	1	8
59000	1	7
59000	1	7
59000	1	7
59000	1	8
59000	1	7
59000	1	7
59000	1	7
59000	1	10
59000	1	7
59000	1	7
59000	1	8
59000	1	8
59000	1	8
59000	1	7
59000	1	7
59000	1	9
59000	1	7
59000	1	7
59000	1	7
59000	1	8
59000	1	8
59000	1	7
59000	1	8	7
59000	2	4
59000	2	3
59000	2	4
59000	2	3
59000	2	3
59000	2	3
59000	2	3
59000	2	3
59000	2	3
59000	2	4
59000	2	3
59000	2	3
59000	2	4
59000	2	4
59000	2	3
59000	2	3
59000	2	3
59000	2	4
59000	2	3
59000	2	3
59000	2	3
59000	2	3
59000	2	4
59000	2	3
59000	2	3
59000	2	3
59000	2	3
59000	2	3
59000	2	3
59000	2	3
59000	2	4
59000	2	4
59000	2	3
59000	2	3
59000	2	3
59000	2	3
59000	2	3
59000	2	3
59000	2	3
59000	2	3
59000	2	4
59000	2	4
59000	2	3
59000	2	3
59000	2	3
59000	2	3
59000	2	4
59000	2	3
59000	2	3
59000	2	3	3
60000	1	7
60000	1	9
60000	1	7
60000	1	7
60000	1	7
60000	1	8
60000	1	7
60000	1	7
60000	1	7
60000	1	7
60000	1	8
60000	1	8
60000	1	8
60000	1	7
60000	1	8
60000	1	7
60000	1	8
60000	1	7
60000	1	9
60000	1	7
60000	1	7
60000	1	7
60000	1	7
60000	1	9
60000	1	7
60000	1	8
60000	1	7
60000	1	8
60000	1	7
60000	1	7
60000	1	8
60000	1	7
60000	1	7
60000	1	7
60000	1	8
60000	1	7
60000	1	7
60000	1	8
60000	1	7
60000	1	7
60000	1	8
60000	1	7
60000	1	7
60000	1	7
60000	1	7
60000	1	8
60000	1	7
60000	1	7
60000	1	7
60000	1	7	7
60000	2	3
60000	2	3
60000	2	3
60000	2	3
60000	2	3
60000	2	3
60000	2	3
60000	2	3
60000	2	3
60000	2	3
60000	2	4
60000	2	3
60000	2	4
60000	2	4
60000	2	3
60000	2	4
60000	2	3
60000	2	3
60000	2	3
60000	2	4
60000	2	3
60000	2	3
60000	2	4
60000	2	3
60000	2	4
60000	2	3
60000	2	3
60000	2	3
60000	2	4
60000	2	3
60000	2	3
60000	2	3
60000	2	3
60000	2	3
60000	2	4
60000	2	3
60000	2	3
60000	2	3
60000	2	4
60000	2	3
60000	2	4
60000	2	4
60000	2	3
60000	2	3
60000	2	3
60000	2	3
60000	2	3
60000	2	4
60000	2	3
60000	2	3	3
61000	1	9
61000	1	8
61000	1	8
61000	1	8
61000	1	8
61000	1	8
61000	1	8
61000	1	8
61000	1	7
61000	1	8
61000	1	8
61000	1	8
61000	1	7
61000	1	7
61000	1	7
61000	1	7
61000	1	8
61000	1	7
61000	1	8
61000	1	7
61000	1	7
61000	1	7
61000	1	7
61000	1	8
61000	1	8
61000	1	7
61000	1	7
61000	1	7
61000	1	7
61000	1	7
61000	1	7
61000	1	7
61000	1	7
61000	1	7
61000	1	8
61000	1	7
61000	1	7
61000	1	7
61000	1	8
61000	1	9
61000	1	8
61000	1	7
61000	1	8
61000	1	8
61000	1	8
61000	1	8
61000	1	8
61000	1	8
61000	1	7
61000	1	8	7
61000	2	4
61000	2	3
61000	2	3
61000	2	3
61000	2	4
61000	2	3
61000	2	3
61000	2	3
61000	2	3
61000	2	4
61000	2	3
61000	2	3
61000	2	3
61000	2	4
61000	2	4
61000	2	3
61000	2	4
61000	2	4
61000	2	3
61000	2	3
61000	2	3
61000	2	3
61000	2	3
61000	2	3
61000	2	3
61000	2	3
61000	2	3
61000	2	3
61000	2	4
61000	2	4
61000	2	3
61000	2	3
61000	2	3
61000	2	3
61000	2	4
61000	2	3
61000	2	3
61000	2	3
61000	2	4
61000	2	3
61000	2	4
61000	2	3
61000	2	3
61000	2	3
61000	2	3
61000	2	3
61000	2	3
61000	2	3
61000	2	3
61000	2	3	3
62000	1	8
62000	1	7
62000	1	7
62000	1	7
62000	1	7
62000	1	7
62000	1	8
62000	1	7
62000	1	7
62000	1	8
62000	1	8
62000	1	8
62000	1	8
62000	1	8
62000	1	7
62000	1	7
62000	1	7
62000	1	7
62000	1	8
62000	1	9
62000	1	7
62000	1	7
62000	1	8
62000	1	8
62000	1	8
62000	1	8
62000	1	7
62000	1	8
62000	1	8
62000	1	7
62000	1	7
62000	1	8
62000	1	8
62000	1	7
62000	1	7
62000	1	8
62000	1	7
62000	1	7
62000	1	7
62000	1	7
62000	1	8
62000	1	7
62000	1	7
62000	1	7
62000	1	7
62000	1	8
62000	1	8
62000	1	8
62000	1	8
62000	1	7	7
62000	2	4
62000	2	4
62000	2	4
62000	2	3
62000	2	3
62000	2	3
62000	2	3
62000	2	4
62000	2	4
62000	2	3
62000	2	3
62000	2	3
62000	2	3
62000	2	3
62000	2	3
62000	2	4
62000	2	4
62000	2	4
62000	2	3
62000	2	3
62000	2	3
62000	2	4
62000	2	3
62000	2	3
62000	2	3
62000	2	4
62000	2	4
62000	2	3
62000	2	3
62000	2	3
62000	2	3
62000	2	3
62000	2	3
62000	2	3
62000	2	3
62000	2	3
62000	2	4
62000	2	3
62000	2	3
62000	2	3
62000	2	3
62000	2	3
62000	2	4
62000	2	4
62000	2	3
62000	2	4
62000	2	4
62000	2	3
62000	2	4
62000	2	3	3
63000	1	8
63000	1	7
63000	1	7
63000	1	8
63000	1	7
63000	1	7
63000	1	7
63000	1	7
63000	1	8
63000	1	9
63000	1	8
63000	1	7
63000	1	8
63000	1	8
63000	1	7
63000	1	9
63000	1	7
63000	1	7
63000	1	7
63000	1	7
63000	1	8
63000	1	7
63000	1	7
63000	1	8
63000	1	7
63000	1	7
63000	1	7
63000	1	7
63000	1	8
63000	1	7
63000	1	9
63000	1	8
63000	1	7
63000	1	7
63000	1	9
63000	1	8
63000	1	7
63000	1	7
63000	1	8
63000	1	7
63000	1	8
63000	1	7
63000	1	8
63000	1	10
63000	1	8
63000	1	7
63000	1	8
63000	1	8
63000	1	7
63000	1	7	7
63000	2	3
63000	2	4
63000	2	3
63000	2	3
63000	2	4
63000	2	3
63000	2	4
63000	2	3
63000	2	3
63000	2	3
63000	2	4
63000	2	3
63000	2	3
63000	2	3
63000	2	4
63000	2	3
63000	2	3
63000	2	3
63000	2	4
63000	2	3
63000	2	4
63000	2	3
63000	2	3
63000	2	4
63000	2	3
63000	2	4
63000	2	3
63000	2	4
63000	2	4
63000	2	4
63000	2	4
63000	2	3
63000	2	3
63000	2	4
63000	2	3
63000	2	3
63000	2	3
63000	2	4
63000	2	3
63000	2	3
63000	2	3
63000	2	3
63000	2	3
63000	2	4
63000	2	4
63000	2	3
63000	2	3
63000	2	4
63000	2	3
63000	2	3	3
64000	1	8
64000	1	7
64000	1	8
64000	1	7
64000	1	9
64000	1	7
64000	1	7
64000	1	7
64000	1	9
64000	1	7
64000	1	8
64000	1	7
64000	1	10
64000	1	8
64000	1	8
64000	1	7
64000	1	8
64000	1	7
64000	1	7
64000	1	8
64000	1	8
64000	1	7
64000	1	7
64000	1	7
64000	1	7
64000	1	7
64000	1	8
64000	1	7
64000	1	7
64000	1	7
64000	1	8
64000	1	8
64000	1	7
64000	1	7
64000	1	8
64000	1	7
64000	1	8
64000	1	7
64000	1	7
64000	1	8
64000	1	7
64000	1	7
64000	1	8
64000	1	7
64000	1	7
64000	1	7
64000	1	8
64000	1	8
64000	1	7
64000	1	8	7
64000	2	4
64000	2	4
64000	2	3
64000	2	3
64000	2	3
64000	2	4
64000	2	4
64000	2	3
64000	2	4
64000	2	3
64000	2	4
64000	2	3
64000	2	3
64000	2	3
64000	2	4
64000	2	3
64000	2	3
64000	2	3
64000	2	3
64000	2	3
64000	2	3
64000	2	3
64000	2	3
64000	2	4
64000	2	3
64000	2	3
64000	2	3
64000	2	3
64000	2	3
64000	2	3
64000	2	3
64000	2	3
64000	2	3
64000	2	3
64000	2	4
64000	2	3
64000	2	3
64000	2	4
64000	2	4
64000	2	4
64000	2	3
64000	2	4
64000	2	3
64000	2	3
64000	2	3
64000	2	3
64000	2	3
64000	2	3
64000	2	3
64000	2	4	3
65000	1	7
65000	1	8
65000	1	7
65000	1	7
65000	1	7
65000	1	7
65000	1	7
65000	1	7
65000	1	8
65000	1	7
65000	1	8
65000	1	7
65000	1	7
65000	1	7
65000	1	8
65000	1	8
65000	1	7
65000	1	7
65000	1	7
65000	1	7
65000	1	8
65000	1	8
65000	1	7
65000	1	7
65000	1	7
65000	1	8
65000	1	8
65000	1	7
65000	1	9
65000	1	7
65000	1	9
65000	1	7
65000	1	7
65000	1	8
65000	1	7
65000	1	8
65000	1	8
65000	1	7
65000	1	7
65000	1	8
65000	1	9
65000	1	8
65000	1	7
65000	1	7
65000	1	10
65000	1	8
65000	1	7
65000	1	7
65000	1	7
65000	1	7	7
65000	2	3
65000	2	3
65000	2	3
65000	2	4
65000	2	4
65000	2	3
65000	2	4
65000	2	4
65000	2	3
65000	2	4
65000	2	3
65000	2	4
65000	2	4
65000	2	3
65000	2	3
65000	2	3
65000	2	3
65000	2	3
65000	2	3
65000	2	3
65000	2	4
65000	2	3
65000	2	3
65000	2	3
65000	2	4
65000	2	3
65000	2	3
65000	2	3
65000	2	4
65000	2	3
65000	2	3
65000	2	3
65000	2	4
65000	2	3
65000	2	4
65000	2	3
65000	2	3
65000	2	4
65000	2	3
65000	2	3
65000	2	4
65000	2	4
65000	2	3
65000	2	3
65000	2	3
65000	2	4
65000	2	3
65000	2	3
65000	2	3
65000	2	3	3
66000	1	7
66000	1	7
66000	1	8
66000	1	7
66000	1	7
66000	1	8
66000	1	7
66000	1	7
66000	1	7
66000	1	7
66000	1	7
66000	1	8
66000	1	8
66000	1	8
66000	1	8
66000	1	7
66000	1	7
66000	1	7
66000	1	8
66000	1	7
66000	1	7
66000	1	8
66000	1	9
66000	1	7
66000	1	9
66000	1	8
66000	1	9
66000	1	8
66000	1	8
66000	1	8
66000	1	7
66000	1	7
66000	1	8
66000	1	8
66000	1	8
66000	1	8
66000	1	7
66000	1	8
66000	1	9
66000	1	9
66000	1	7
66000	1	7
66000	1	9
66000	1	7
66000	1	7
66000	1	7
66000	1	7
66000	1	8
66000	1	8
66000	1	7	7
66000	2	4
66000	2	4
66000	2	3
66000	2	4
66000	2	3
66000	2	3
66000	2	3
66000	2	3
66000	2	4
66000	2	3
66000	2	3
66000	2	4
66000	2	4
66000	2	3
66000	2	3
66000	2	3
66000	2	4
66000	2	3
66000	2	3
66000	2	4
66000	2	3
66000	2	3
66000	2	3
66000	2	3
66000	2	3
66000	2	3
66000	2	3
66000	2	4
66000	2	3
66000	2	4
66000	2	3
66000	2	3
66000	2	3
66000	2	3
66000	2	4
66000	2	3
66000	2	3
66000	2	3
66000	2	3
66000	2	3
66000	2	3
66000	2	4
66000	2	4
66000	2	3
66000	2	3
66000	2	4
66000	2	3
66000	2	3
66000	2	3
66000	2	4	3
67000	1	7
67000	1	8
67000	1	9
67000	1	8
67000	1	8
67000	1	7
67000	1	8
67000	1	8
67000	1	7
67000	1	7
67000	1	8
67000	1	7
67000	1	8
67000	1	7
67000	1	8
67000	1	7
67000	1	8
67000	1	8
67000	1	7
67000	1	8
67000	1	8
67000	1	7
67000	1	10
67000	1	7
67000	1	7
67000	1	8
67000	1	7
67000	1	8
67000	1	7
67000	1	8
67000	1	8
67000	1	7
67000	1	8
67000	1	7
67000	1	7
67000	1	7
67000	1	7
67000	1	9
67000	1	7
67000	1	8
67000	1	8
67000	1	8
67000	1	7
67000	1	7
67000	1	8
67000	1	7
67000	1	8
67000	1	7
67000	1	7
67000	1	7	7
67000	2	4
67000	2	4
67000	2	3
67000	2	4
67000	2	4
67000	2	4
67000	2	3
67000	2	3
67000	2	3
67000	2	4
67000	2	4
67000	2	3
67000	2	4
67000	2	3
67000	2	3
67000	2	3
67000	2	3
67000	2	3
67000	2	3
67000	2	3
67000	2	3
67000	2	3
67000	2	3
67000	2	4
67000	2	3
67000	2	3
67000	2	4
67000	2	4
67000	2	3
67000	2	4
67000	2	3
67000	2	3
67000	2	3
67000	2	3
67000	2	3
67000	2	3
67000	2	4
67000	2	3
67000	2	3
67000	2	4
67000	2	3
67000	2	3
67000	2	3
67000	2	4
67000	2	4
67000	2	4
67000	2	3
67000	2	4
67000	2	3
67000	2	3	3
68000	1	7
68000	1	8
68000	1	8
68000	1	8
68000	1	7
68000	1	7
68000	1	7
68000	1	8
68000	1	7
68000	1	7
68000	1	8
68000	1	7
68000	1	7
68000	1	7
68000	1	7
68000	1	7
68000	1	8
68000	1	8
68000	1	7
68000	1	8
68000	1	8
68000	1	7
68000	1	7
68000	1	7
68000	1	8
68000	1	7
68000	1	8
68000	1	8
68000	1	7
68000	1	7
68000	1	8
68000	1	8
68000	1	7
68000	1	7
68000	1	7
68000	1	7
68000	1	8
68000	1	8
68000	1	8
68000	1	7
68000	1	7
68000	1	7
68000	1	7
68000	1	8
68000	1	8
68000	1	7
68000	1	7
68000	1	8
68000	1	7
68000	1	7	7
68000	2	3
68000	2	3
68000	2	3
68000	2	3
68000	2	3
68000	2	4
68000	2	3
68000	2	4
68000	2	3
68000	2	4
68000	2	3
68000	2	3
68000	2	3
68000	2	3
68000	2	3
68000	2	3
68000	2	3
68000	2	3
68000	2	3
68000	2	4
68000	2	3
68000	2	3
68000	2	3
68000	2	3
68000	2	3
68000	2	3
68000	2	3
68000	2	3
68000	2	3
68000	2	3
68000	2	3
68000	2	3
68000	2	3
68000	2	3
68000	2	3
68000	2	4
68000	2	3
68000	2	3
68000	2	4
68000	2	4
68000	2	4
68000	2	3
68000	2	4
68000	2	3
68000	2	3
68000	2	3
68000	2	3
68000	2	3
68000	2	4
68000	2	3	3
69000	1	7
69000	1	7
69000	1	8
69000	1	7
69000	1	8
69000	1	9
69000	1	8
69000	1	7
69000	1	7
69000	1	7
69000	1	8
69000	1	8
69000	1	8
69000	1	8
69000	1	7
69000	1	7
69000	1	8
69000	1	8
69000	1	8
69000	1	7
69000	1	7
69000	1	8
69000	1	7
69000	1	7
69000	1	7
69000	1	7
69000	1	6
69000	1	8
69000	1	8
69000	1	8
69000	1	8
69000	1	8
69000	1	7
69000	1	7
69000	1	8
69000	1	7
69000	1	7
69000	1	7
69000	1	8
69000	1	8
69000	1	8
69000	1	8
69000	1	7
69000	1	8
69000	1	8
69000	1	8
69000	1	8
69000	1	8
69000	1	9
69000	1	7	7
69000	2	4
69000	2	4
69000	2	3
69000	2	3
69000	2	3
69000	2	3
69000	2	4
69000	2	3
69000	2	3
69000	2	4
69000	2	4
69000	2	4
69000	2	3
69000	2	3
69000	2	4
69000	2	3
69000	2	4
69000	2	3
69000	2	4
69000	2	3
69000	2	3
69000	2	4
69000	2	3
69000	2	3
69000	2	4
69000	2	3
69000	2	3
69000	2	4
69000	2	3
69000	2	4
69000	2	4
69000	2	3
69000	2	3
69000	2	3
69000	2	4
69000	2	3
69000	2	3
69000	2	3
69000	2	4
69000	2	4
69000	2	3
69000	2	4
69000	2	3
69000	2	3
69000	2	3
69000	2	3
69000	2	4
69000	2	4
69000	2	3
69000	2	3	3
70000	1	8
70000	1	7
70000	1	7
70000	1	7
70000	1	8
70000	1	8
70000	1	8
70000	1	7
70000	1	7
70000	1	8
70000	1	8
70000	1	8
70000	1	7
70000	1	8
70000	1	7
70000	1	7
70000	1	7
70000	1	7
70000	1	8
70000	1	8
70000	1	8
70000	1	8
70000	1	7
70000	1	8
70000	1	7
70000	1	7
70000	1	8
70000	1	8
70000	1	7
70000	1	7
70000	1	8
70000	1	7
70000	1	8
70000	1	7
70000	1	7
70000	1	8
70000	1	8
70000	1	8
70000	1	8
70000	1	7
70000	1	8
70000	1	7
70000	1	7
70000	1	8
70000	1	7
70000	1	8
70000	1	10
70000	1	9
70000	1	7
70000	1	8	7
70000	2	3
70000	2	3
70000	2	4
70000	2	3
70000	2	3
70000	2	3
70000	2	4
70000	2	3
70000	2	3
70000	2	3
70000	2	4
70000	2	3
70000	2	3
70000	2	3
70000	2	3
70000	2	3
70000	2	3
70000	2	4
70000	2	3
70000	2	3
70000	2	3
70000	2	3
70000	2	3
70000	2	3
70000	2	3
70000	2	4
70000	2	3
70000	2	3
70000	2	3
70000	2	3
70000	2	3
70000	2	3
70000	2	3
70000	2	3
70000	2	3
70000	2	3
70000	2	4
70000	2	3
70000	2	3
70000	2	3
70000	2	3
70000	2	3
70000	2	3
70000	2	3
70000	2	3
70000	2	3
70000	2	3
70000	2	3
70000	2	3
70000	2	3	3
71000	1	7
71000	1	8
71000	1	8
71000	1	7
71000	1	7
71000	1	8
71000	1	8
71000	1	8
71000	1	7
71000	1	7
71000	1	7
71000	1	7
71000	1	7
71000	1	7
71000	1	8
71000	1	8
71000	1	8
71000	1	7
71000	1	7
71000	1	7
71000	1	7
71000	1	7
71000	1	7
71000	1	8
71000	1	8
71000	1	7
71000	1	7
71000	1	9
71000	1	7
71000	1	8
71000	1	8
71000	1	7
71000	1	7
71000	1	8
71000	1	8
71000	1	8
71000	1	7
71000	1	7
71000	1	8
71000	1	8
71000	1	9
71000	1	8
71000	1	8
71000	1	7
71000	1	7
71000	1	7
71000	1	8
71000	1	8
71000	1	7
71000	1	9	7
71000	2	4
71000	2	4
71000	2	4
71000	2	4
71000	2	4
71000	2	4
71000	2	4
71000	2	3
71000	2	3
71000	2	3
71000	2	3
71000	2	3
71000	2	3
71000	2	3
71000	2	3
71000	2	3
71000	2	4
71000	2	3
71000	2	4
71000	2	3
71000	2	3
71000	2	3
71000	2	3
71000	2	4
71000	2	4
71000	2	3
71000	2	4
71000	2	3
71000	2	4
71000	2	3
71000	2	4
71000	2	4
71000	2	4
71000	2	4
71000	2	4
71000	2	3
71000	2	4
71000	2	4
71000	2	3
71000	2	4
71000	2	4
71000	2	4
71000	2	4
71000	2	3
71000	2	3
71000	2	4
71000	2	4
71000	2	3
71000	2	3
71000	2	4	3
72000	1	8
72000	1	8
72000	1	9
72000	1	7
72000	1	7
72000	1	7
72000	1	7
72000	1	7
72000	1	7
72000	1	8
72000	1	7
72000	1	8
72000	1	7
72000	1	8
72000	1	8
72000	1	9
72000	1	8
72000	1	7
72000	1	8
72000	1	8
72000	1	7
72000	1	7
72000	1	9
72000	1	9
72000	1	7
72000	1	7
72000	1	8
72000	1	8
72000	1	8
72000	1	8
72000	1	7
72000	1	8
72000	1	7
72000	1	8
72000	1	7
72000	1	7
72000	1	8
72000	1	9
72000	1	7
72000	1	8
72000	1	7
72000	1	8
72000	1	7
72000	1	8
72000	1	8
72000	1	7
72000	1	7
72000	1	10
72000	1	8
72000	1	8	7
72000	2	3
72000	2	3
72000	2	3
72000	2	4
72000	2	3
72000	2	3
72000	2	3
72000	2	4
72000	2	3
72000	2	3
72000	2	3
72000	2	3
72000	2	3
72000	2	3
72000	2	4
72000	2	4
72000	2	4
72000	2	4
72000	2	3
72000	2	3
72000	2	4
72000	2	4
72000	2	4
72000	2	3
72000	2	3
72000	2	4
72000	2	3
72000	2	3
72000	2	3
72000	2	4
72000	2	3
72000	2	4
72000	2	3
72000	2	3
72000	2	4
72000	2	3
72000	2	3
72000	2	3
72000	2	3
72000	2	4
72000	2	4
72000	2	4
72000	2	3
72000	2	3
72000	2	4
72000	2	3
72000	2	4
72000	2	4
72000	2	3
72000	2	4	3
73000	1	7
73000	1	7
73000	1	7
73000	1	8
73000	1	8
73000	1	7
73000	1	7
73000	1	7
73000	1	8
73000	1	8
73000	1	7
73000	1	7
73000	1	7
73000	1	8
73000	1	7
73000	1	8
73000	1	7
73000	1	8
73000	1	7
73000	1	7
73000	1	7
73000	1	7
73000	1	8
73000	1	7
73000	1	7
73000	1	8
73000	1	9
73000	1	8
73000	1	7
73000	1	8
73000	1	9
73000	1	8
73000	1	7
73000	1	8
73000	1	8
73000	1	7
73000	1	7
73000	1	7
73000	1	8
73000	1	7
73000	1	8
73000	1	8
73000	1	9
73000	1	9
73000	1	8
73000	1	7
73000	1	8
73000	1	7
73000	1	7
73000	1	9	7
73000	2	3
73000	2	3
73000	2	4
73000	2	3
73000	2	3
73000	2	3
73000	2	3
73000	2	3
73000	2	4
73000	2	3
73000	2	3
73000	2	3
73000	2	4
73000	2	3
73000	2	4
73000	2	4
73000	2	3
73000	2	4
73000	2	4
73000	2	3
73000	2	3
73000	2	4
73000	2	3
73000	2	3
73000	2	3
73000	2	4
73000	2	3
73000	2	4
73000	2	3
73000	2	3
73000	2	3
73000	2	4
73000	2	3
73000	2	3
73000	2	3
73000	2	4
73000	2	3
73000	2	3
73000	2	4
73000	2	3
73000	2	3
73000	2	3
73000	2	3
73000	2	3
73000	2	3
73000	2	3
73000	2	3
73000	2	4
73000	2	3
73000	2	4	3
74000	1	7
74000	1	8
74000	1	7
74000	1	8
74000	1	7
74000	1	7
74000	1	7
74000	1	7
74000	1	8
74000	1	9
74000	1	8
74000	1	7
74000	1	7
74000	1	9
74000	1	8
74000	1	8
74000	1	9
74000	1	7
74000	1	8
74000	1	7
74000	1	8
74000	1	9
74000	1	7
74000	1	8
74000	1	8
74000	1	7
74000	1	8
74000	1	8
74000	1	7
74000	1	7
74000	1	8
74000	1	7
74000	1	7
74000	1	8
74000	1	8
74000	1	7
74000	1	7
74000	1	8
74000	1	8
74000	1	7
74000	1	8
74000	1	9
74000	1	8
74000	1	8
74000	1	7
74000	1	8
74000	1	8
74000	1	8
74000	1	7
74000	1	9	7
74000	2	3
74000	2	3
74000	2	3
74000	2	3
74000	2	4
74000	2	3
74000	2	3
74000	2	3
74000	2	3
74000	2	3
74000	2	3
74000	2	3
74000	2	3
74000	2	3
74000	2	3
74000	2	3
74000	2	4
74000	2	4
74000	2	4
74000	2	3
74000	2	3
74000	2	3
74000	2	4
74000	2	3
74000	2	4
74000	2	4
74000	2	3
74000	2	3
74000	2	4
74000	2	3
74000	2	3
74000	2	3
74000	2	3
74000	2	3
74000	2	4
74000	2	3
74000	2	3
74000	2	3
74000	2	3
74000	2	3
74000	2	3
74000	2	3
74000	2	3
74000	2	3
74000	2	3
74000	2	3
74000	2	3
74000	2	4
74000	2	3
74000	2	4	3
75000	1	8
75000	1	8
75000	1	7
75000	1	8
75000	1	7
75000	1	7
75000	1	7
75000	1	8
75000	1	7
75000	1	7
75000	1	8
75000	1	7
75000	1	8
75000	1	7
75000	1	8
75000	1	7
75000	1	9
75000	1	7
75000	1	8
75000	1	8
75000	1	8
75000	1	7
75000	1	7
75000	1	7
75000	1	9
75000	1	7
75000	1	8
75000	1	7
75000	1	7
75000	1	8
75000	1	7
75000	1	7
75000	1	7
75000	1	8
75000	1	7
75000	1	7
75000	1	7
75000	1	7
75000	1	7
75000	1	8
75000	1	8
75000	1	8
75000	1	7
75000	1	8
75000	1	7
75000	1	8
75000	1	8
75000	1	8
75000	1	7
75000	1	7	7
75000	2	4
75000	2	3
75000	2	3
75000	2	4
75000	2	3
75000	2	3
75000	2	4
75000	2	3
75000	2	4
75000	2	3
75000	2	4
75000	2	3
75000	2	3
75000	2	3
75000	2	3
75000	2	3
75000	2	4
75000	2	3
75000	2	3
75000	2	3
75000	2	3
75000	2	4
75000	2	4
75000	2	4
75000	2	4
75000	2	3
75000	2	3
75000	2	4
75000	2	4
75000	2	4
75000	2	3
75000	2	3
75000	2	3
75000	2	3
75000	2	4
75000	2	4
75000	2	3
75000	2	3
75000	2	3
75000	2	4
75000	2	3
75000	2	4
75000	2	3
75000	2	3
75000	2	3
75000	2	4
75000	2	4
75000	2	3
75000	2	4
75000	2	4	3
76000	1	9
76000	1	8
76000	1	8
76000	1	9
76000	1	9
76000	1	8
76000	1	7
76000	1	7
76000	1	7
76000	1	7
76000	1	7
76000	1	7
76000	1	8
76000	1	7
76000	1	8
76000	1	7
76000	1	7
76000	1	8
76000	1	7
76000	1	8
76000	1	8
76000	1	9
76000	1	8
76000	1	8
76000	1	7
76000	1	7
76000	1	7
76000	1	8
76000	1	7
76000	1	8
76000	1	7
76000	1	7
76000	1	8
76000	1	7
76000	1	8
76000	1	7
76000	1	8
76000	1	7
76000	1	7
76000	1	7
76000	1	7
76000	1	7
76000	1	8
76000	1	8
76000	1	7
76000	1	8
76000	1	8
76000	1	9
76000	1	7
76000	1	8	7
76000	2	4
76000	2	4
76000	2	3
76000	2	3
76000	2	3
76000	2	4
76000	2	3
76000	2	3
76000	2	4
76000	2	4
76000	2	3
76000	2	3
76000	2	3
76000	2	4
76000	2	4
76000	2	4
76000	2	3
76000	2	4
76000	2	3
76000	2	3
76000	2	4
76000	2	3
76000	2	3
76000	2	3
76000	2	3
76000	2	3
76000	2	3
76000	2	3
76000	2	4
76000	2	3
76000	2	4
76000	2	3
76000	2	4
76000	2	3
76000	2	3
76000	2	3
76000	2	4
76000	2	4
76000	2	3
76000	2	4
76000	2	3
76000	2	4
76000	2	3
76000	2	3
76000	2	4
76000	2	3
76000	2	4
76000	2	3
76000	2	3
76000	2	4	3
77000	1	7
77000	1	7
77000	1	7
77000	1	8
77000	1	7
77000	1	9
77000	1	7
77000	1	7
77000	1	8
77000	1	7
77000	1	8
77000	1	9
77000	1	7
77000	1	8
77000	1	7
77000	1	8
77000	1	7
77000	1	7
77000	1	8
77000	1	7
77000	1	7
77000	1	8
77000	1	8
77000	1	7
77000	1	8
77000	1	7
77000	1	8
77000	1	8
77000	1	8
77000	1	7
77000	1	8
77000	1	8
77000	1	7
77000	1	9
77000	1	8
77000	1	9
77000	1	7
77000	1	8
77000	1	8
77000	1	7
77000	1	7
77000	1	8
77000	1	8
77000	1	8
77000	1	7
77000	1	8
77000	1	7
77000	1	9
77000	1	7
77000	1	7	7
77000	2	3
77000	2	3
77000	2	3
77000	2	3
77000	2	3
77000	2	3
77000	2	4
77000	2	3
77000	2	3
77000	2	4
77000	2	3
77000	2	3
77000	2	4
77000	2	4
77000	2	3
77000	2	4
77000	2	3
77000	2	4
77000	2	3
77000	2	3
77000	2	4
77000	2	3
77000	2	3
77000	2	4
77000	2	3
77000	2	4
77000	2	4
77000	2	3
77000	2	4
77000	2	3
77000	2	4
77000	2	4
77000	2	4
77000	2	4
77000	2	4
77000	2	4
77000	2	4
77000	2	3
77000	2	3
77000	2	3
77000	2	3
77000	2	4
77000	2	4
77000	2	3
77000	2	3
77000	2	4
77000	2	3
77000	2	4
77000	2	3
77000	2	4	3
78000	1	7
78000	1	8
78000	1	8
78000	1	9
78000	1	8
78000	1	8
78000	1	7
78000	1	7
78000	1	8
78000	1	10
78000	1	8
78000	1	10
78000	1	7
78000	1	7
78000	1	7
78000	1	8
78000	1	7
78000	1	9
78000	1	8
78000	1	7
78000	1	7
78000	1	7
78000	1	7
78000	1	7
78000	1	7
78000	1	7
78000	1	8
78000	1	7
78000	1	7
78000	1	7
78000	1	8
78000	1	9
78000	1	8
78000	1	8
78000	1	7
78000	1	8
78000	1	9
78000	1	7
78000	1	7
78000	1	7
78000	1	7
78000	1	7
78000	1	8
78000	1	8
78000	1	8
78000	1	8
78000	1	7
78000	1	8
78000	1	7
78000	1	8	7
78000	2	4
78000	2	3
78000	2	3
78000	2	4
78000	2	3
78000	2	3
78000	2	4
78000	2	4
78000	2	3
78000	2	4
78000	2	4
78000	2	3
78000	2	3
78000	2	3
78000	2	4
78000	2	3
78000	2	3
78000	2	4
78000	2	3
78000	2	3
78000	2	3
78000	2	3
78000	2	3
78000	2	3
78000	2	4
78000	2	4
78000	2	3
78000	2	4
78000	2	4
78000	2	3
78000	2	3
78000	2	3
78000	2	4
78000	2	3
78000	2	3
78000	2	4
78000	2	3
78000	2	3
78000	2	4
78000	2	3
78000	2	3
78000	2	3
78000	2	3
78000	2	3
78000	2	3
78000	2	4
78000	2	4
78000	2	4
78000	2	4
78000	2	3	3
79000	1	7
79000	1	8
79000	1	8
79000	1	7
79000	1	8
79000	1	7
79000	1	8
79000	1	8
79000	1	7
79000	1	9
79000	1	8
79000	1	7
79000	1	8
79000	1	8
79000	1	8
79000	1	7
79000	1	7
79000	1	8
79000	1	7
79000	1	8
79000	1	7
79000	1	8
79000	1	8
79000	1	9
79000	1	8
79000	1	8
79000	1	7
79000	1	7
79000	1	8
79000	1	7
79000	1	7
79000	1	8
79000	1	8
79000	1	8
79000	1	8
79000	1	7
79000	1	8
79000	1	7
79000	1	8
79000	1	8
79000	1	7
79000	1	8
79000	1	7
79000	1	8
79000	1	7
79000	1	7
79000	1	9
79000	1	7
79000	1	9
79000	1	8	7
79000	2	3
79000	2	3
79000	2	3
79000	2	4
79000	2	4
79000	2	3
79000	2	3
79000	2	3
79000	2	3
79000	2	3
79000	2	3
79000	2	4
79000	2	3
79000	2	3
79000	2	4
79000	2	3
79000	2	3
79000	2	4
79000	2	3
79000	2	3
79000	2	3
79000	2	4
79000	2	3
79000	2	4
79000	2	3
79000	2	4
79000	2	3
79000	2	3
79000	2	3
79000	2	3
79000	2	4
79000	2	4
79000	2	3
79000	2	3
79000	2	3
79000	2	3
79000	2	3
79000	2	4
79000	2	3
79000	2	3
79000	2	3
79000	2	4
79000	2	3
79000	2	3
79000	2	3
79000	2	4
79000	2	4
79000	2	3
79000	2	3
79000	2	3	3
80000	1	7
80000	1	8
80000	1	7
80000	1	8
80000	1	7
80000	1	8
80000	1	8
80000	1	8
80000	1	7
80000	1	7
80000	1	7
80000	1	8
80000	1	8
80000	1	7
80000	1	8
80000	1	8
80000	1	7
80000	1	7
80000	1	8
80000	1	8
80000	1	8
80000	1	7
80000	1	8
80000	1	7
80000	1	7
80000	1	8
80000	1	8
80000	1	8
80000	1	8
80000	1	10
80000	1	7
80000	1	7
80000	1	8
80000	1	7
80000	1	9
80000	1	7
80000	1	8
80000	1	7
80000	1	7
80000	1	8
80000	1	8
80000	1	7
80000	1	7
80000	1	7
80000	1	7
80000	1	8
80000	1	8
80000	1	9
80000	1	8
80000	1	7	7
80000	2	3
80000	2	3
80000	2	3
80000	2	3
80000	2	3
80000	2	4
80000	2	4
80000	2	3
80000	2	3
80000	2	4
80000	2	4
80000	2	3
80000	2	4
80000	2	3
80000	2	4
80000	2	3
80000	2	3
80000	2	4
80000	2	3
80000	2	4
80000	2	3
80000	2	4
80000	2	4
80000	2	3
80000	2	3
80000	2	3
80000	2	4
80000	2	3
80000	2	4
80000	2	4
80000	2	3
80000	2	4
80000	2	4
80000	2	3
80000	2	3
80000	2	4
80000	2	4
80000	2	3
80000	2	3
80000	2	3
80000	2	3
80000	2	4
80000	2	3
80000	2	3
80000	2	3
80000	2	4
80000	2	4
80000	2	3
80000	2	3
80000	2	3	3
81000	1	8
81000	1	8
81000	1	8
81000	1	7
81000	1	8
81000	1	9
81000	1	8
81000	1	8
81000	1	8
81000	1	8
81000	1	8
81000	1	7
81000	1	7
81000	1	7
81000	1	7
81000	1	9
81000	1	7
81000	1	7
81000	1	7
81000	1	7
81000	1	9
81000	1	8
81000	1	8
81000	1	8
81000	1	7
81000	1	7
81000	1	8
81000	1	8
81000	1	7
81000	1	7
81000	1	9
81000	1	8
81000	1	7
81000	1	9
81000	1	9
81000	1	7
81000	1	8
81000	1	8
81000	1	8
81000	1	7
81000	1	8
81000	1	7
81000	1	8
81000	1	7
81000	1	8
81000	1	9
81000	1	8
81000	1	7
81000	1	8
81000	1	7	7
81000	2	3
81000	2	4
81000	2	3
81000	2	3
81000	2	3
81000	2	4
81000	2	3
81000	2	4
81000	2	3
81000	2	3
81000	2	3
81000	2	3
81000	2	4
81000	2	3
81000	2	3
81000	2	4
81000	2	3
81000	2	3
81000	2	3
81000	2	3
81000	2	4
81000	2	3
81000	2	4
81000	2	4
81000	2	4
81000	2	4
81000	2	3
81000	2	4
81000	2	3
81000	2	3
81000	2	3
81000	2	3
81000	2	4
81000	2	3
81000	2	3
81000	2	3
81000	2	3
81000	2	4
81000	2	3
81000	2	3
81000	2	3
81000	2	3
81000	2	3
81000	2	3
81000	2	3
81000	2	3
81000	2	3
81000	2	3
81000	2	4
81000	2	3	3
82000	1	7
82000	1	8
82000	1	8
82000	1	8
82000	1	8
82000	1	7
82000	1	7
82000	1	8
82000	1	7
82000	1	8
82000	1	8
82000	1	8
82000	1	8
82000	1	7
82000	1	8
82000	1	8
82000	1	10
82000	1	8
82000	1	7
82000	1	7
82000	1	9
82000	1	8
82000	1	8
82000	1	8
82000	1	7
82000	1	8
82000	1	8
82000	1	8
82000	1	7
82000	1	7
82000	1	7
82000	1	8
82000	1	7
82000	1	8
82000	1	8
82000	1	8
82000	1	8
82000	1	7
82000	1	9
82000	1	8
82000	1	7
82000	1	7
82000	1	7
82000	1	7
82000	1	8
82000	1	8
82000	1	8
82000	1	7
82000	1	8
82000	1	8	7
82000	2	3
82000	2	3
82000	2	4
82000	2	3
82000	2	4
82000	2	4
82000	2	3
82000	2	4
82000	2	3
82000	2	4
82000	2	3
82000	2	3
82000	2	3
82000	2	3
82000	2	3
82000	2	3
82000	2	3
82000	2	3
82000	2	4
82000	2	3
82000	2	4
82000	2	4
82000	2	3
82000	2	3
82000	2	3
82000	2	4
82000	2	3
82000	2	4
82000	2	3
82000	2	3
82000	2	3
82000	2	4
82000	2	3
82000	2	3
82000	2	4
82000	2	4
82000	2	3
82000	2	3
82000	2	4
82000	2	3
82000	2	3
82000	2	3
82000	2	4
82000	2	4
82000	2	3
82000	2	3
82000	2	3
82000	2	4
82000	2	3
82000	2	4	3
83000	1	7
83000	1	8
83000	1	8
83000	1	7
83000	1	7
83000	1	7
83000	1	7
83000	1	8
83000	1	8
83000	1	8
83000	1	8
83000	1	7
83000	1	7
83000	1	7
83000	1	8
83000	1	8
83000	1	8
83000	1	7
83000	1	7
83000	1	7
83000	1	8
83000	1	8
83000	1	7
83000	1	8
83000	1	8
83000	1	7
83000	1	8
83000	1	7
83000	1	7
83000	1	7
83000	1	8
83000	1	10
83000	1	8
83000	1	8
83000	1	7
83000	1	7
83000	1	7
83000	1	8
83000	1	7
83000	1	7
83000	1	8
83000	1	8
83000	1	7
83000	1	7
83000	1	7
83000	1	8
83000	1	8
83000	1	7
83000	1	7
83000	1	8	7
83000	2	3
83000	2	4
83000	2	4
83000	2	4
83000	2	4
83000	2	3
83000	2	3
83000	2	3
83000	2	3
83000	2	3
83000	2	3
83000	2	3
83000	2	3
83000	2	3
83000	2	4
83000	2	3
83000	2	4
83000	2	3
83000	2	4
83000	2	3
83000	2	4
83000	2	3
83000	2	3
83000	2	4
83000	2	3
83000	2	3
83000	2	3
83000	2	3
83000	2	3
83000	2	4
83000	2	4
83000	2	3
83000	2	3
83000	2	4
83000	2	3
83000	2	3
83000	2	3
83000	2	4
83000	2	3
83000	2	3
83000	2	3
83000	2	4
83000	2	3
83000	2	3
83000	2	3
83000	2	3
83000	2	3
83000	2	3
83000	2	3
83000	2	3	3
84000	1	8
84000	1	7
84000	1	7
84000	1	7
84000	1	8
84000	1	8
84000	1	7
84000	1	7
84000	1	7
84000	1	7
84000	1	7
84000	1	7
84000	1	9
84000	1	8
84000	1	7
84000	1	9
84000	1	7
84000	1	8
84000	1	8
84000	1	8
84000	1	8
84000	1	8
84000	1	7
84000	1	8
84000	1	7
84000	1	8
84000	1	8
84000	1	8
84000	1	8
84000	1	7
84000	1	9
84000	1	8
84000	1	9
84000	1	8
84000	1	7
84000	1	7
84000	1	7
84000	1	8
84000	1	7
84000	1	9
84000	1	7
84000	1	7
84000	1	7
84000	1	7
84000	1	8
84000	1	8
84000	1	9
84000	1	7
84000	1	9
84000	1	8	7
84000	2	3
84000	2	3
84000	2	3
84000	2	3
84000	2	4
84000	2	3
84000	2	4
84000	2	3
84000	2	3
84000	2	3
84000	2	3
84000	2	4
84000	2	4
84000	2	3
84000	2	3
84000	2	3
84000	2	4
84000	2	4
84000	2	3
84000	2	3
84000	2	3
84000	2	3
84000	2	3
84000	2	3
84000	2	4
84000	2	4
84000	2	3
84000	2	3
84000	2	3
84000	2	4
84000	2	4
84000	2	3
84000	2	4
84000	2	4
84000	2	4
84000	2	4
84000	2	3
84000	2	3
84000	2	3
84000	2	3
84000	2	4
84000	2	3
84000	2	4
84000	2	4
84000	2	4
84000	2	4
84000	2	4
84000	2	3
84000	2	3
84000	2	3	3
85000	1	8
85000	1	8
85000	1	8
85000	1	8
85000	1	8
85000	1	8
85000	1	8
85000	1	8
85000	1	7
85000	1	7
85000	1	7
85000	1	7
85000	1	8
85000	1	8
85000	1	8
85000	1	8
85000	1	7
85000	1	8
85000	1	8
85000	1	8
85000	1	8
85000	1	7
85000	1	7
85000	1	7
85000	1	7
85000	1	8
85000	1	8
85000	1	8
85000	1	7
85000	1	8
85000	1	7
85000	1	8
85000	1	7
85000	1	7
85000	1	8
85000	1	7
85000	1	8
85000	1	8
85000	1	8
85000	1	9
85000	1	8
85000	1	9
85000	1	7
85000	1	8
85000	1	7
85000	1	9
85000	1	8
85000	1	8
85000	1	8
85000	1	7	7
85000	2	3
85000	2	4
85000	2	3
85000	2	3
85000	2	4
85000	2	4
85000	2	3
85000	2	3
85000	2	3
85000	2	3
85000	2	3
85000	2	3
85000	2	3
85000	2	3
85000	2	4
85000	2	3
85000	2	3
85000	2	4
85000	2	4
85000	2	3
85000	2	4
85000	2	3
85000	2	3
85000	2	4
85000	2	3
85000	2	3
85000	2	3
85000	2	3
85000	2	3
85000	2	3
85000	2	3
85000	2	3
85000	2	3
85000	2	4
85000	2	4
85000	2	3
85000	2	3
85000	2	3
85000	2	4
85000	2	4
85000	2	3
85000	2	3
85000	2	3
85000	2	3
85000	2	3
85000	2	3
85000	2	3
85000	2	4
85000	2	3
85000	2	4	3
86000	1	8
86000	1	8
86000	1	8
86000	1	8
86000	1	8
86000	1	7
86000	1	7
86000	1	8
86000	1	8
86000	1	7
86000	1	8
86000	1	7
86000	1	8
86000	1	8
86000	1	7
86000	1	7
86000	1	7
86000	1	7
86000	1	8
86000	1	8
86000	1	8
86000	1	8
86000	1	8
86000	1	8
86000	1	7
86000	1	8
86000	1	7
86000	1	9
86000	1	7
86000	1	8
86000	1	8
86000	1	7
86000	1	7
86000	1	8
86000	1	8
86000	1	7
86000	1	7
86000	1	7
86000	1	9
86000	1	9
86000	1	8
86000	1	8
86000	1	7
86000	1	8
86000	1	7
86000	1	7
86000	1	7
86000	1	8
86000	1	8
86000	1	9	7
86000	2	3
86000	2	3
86000	2	4
86000	2	3
86000	2	3
86000	2	3
86000	2	3
86000	2	3
86000	2	3
86000	2	4
86000	2	3
86000	2	3
86000	2	3
86000	2	3
86000	2	3
86000	2	3
86000	2	3
86000	2	3
86000	2	3
86000	2	3
86000	2	4
86000	2	4
86000	2	3
86000	2	4
86000	2	3
86000	2	4
86000	2	3
86000	2	4
86000	2	4
86000	2	3
86000	2	3
86000	2	3
86000	2	4
86000	2	4
86000	2	3
86000	2	4
86000	2	4
86000	2	4
86000	2	4
86000	2	4
86000	2	3
86000	2	3
86000	2	4
86000	2	4
86000	2	4
86000	2	4
86000	2	3
86000	2	3
86000	2	4
86000	2	4	3
87000	1	7
87000	1	7
87000	1	8
87000	1	8
87000	1	8
87000	1	7
87000	1	8
87000	1	7
87000	1	7
87000	1	7
87000	1	8
87000	1	7
87000	1	7
87000	1	7
87000	1	8
87000	1	7
87000	1	9
87000	1	8
87000	1	9
87000	1	7
87000	1	8
87000	1	8
87000	1	8
87000	1	8
87000	1	8
87000	1	9
87000	1	7
87000	1	8
87000	1	8
87000	1	8
87000	1	7
87000	1	7
87000	1	7
87000	1	7
87000	1	8
87000	1	8
87000	1	7
87000	1	9
87000	1	7
87000	1	7
87000	1	7
87000	1	8
87000	1	7
87000	1	8
87000	1	7
87000	1	8
87000	1	7
87000	1	7
87000	1	8
87000	1	7	7
87000	2	4
87000	2	3
87000	2	3
87000	2	4
87000	2	4
87000	2	3
87000	2	3
87000	2	3
87000	2	3
87000	2	3
87000	2	3
87000	2	4
87000	2	3
87000	2	4
87000	2	3
87000	2	3
87000	2	4
87000	2	4
87000	2	3
87000	2	3
87000	2	4
87000	2	3
87000	2	3
87000	2	3
87000	2	4
87000	2	4
87000	2	4
87000	2	3
87000	2	3
87000	2	4
87000	2	4
87000	2	3
87000	2	4
87000	2	4
87000	2	3
87000	2	3
87000	2	4
87000	2	4
87000	2	3
87000	2	3
87000	2	3
87000	2	3
87000	2	3
87000	2	3
87000	2	3
87000	2	4
87000	2	4
87000	2	3
87000	2	4
87000	2	3	3
88000	1	7
88000	1	7
88000	1	7
88000	1	8
88000	1	8
88000	1	9
88000	1	7
88000	1	8
88000	1	8
88000	1	7
88000	1	8
88000	1	8
88000	1	8
88000	1	8
88000	1	8
88000	1	9
88000	1	7
88000	1	7
88000	1	9
88000	1	7
88000	1	8
88000	1	8
88000	1	7
88000	1	7
88000	1	8
88000	1	8
88000	1	8
88000	1	9
88000	1	8
88000	1	8
88000	1	8
88000	1	8
88000	1	7
88000	1	7
88000	1	7
88000	1	7
88000	1	8
88000	1	8
88000	1	7
88000	1	7
88000	1	8
88000	1	8
88000	1	7
88000	1	8
88000	1	9
88000	1	9
88000	1	8
88000	1	7
88000	1	7
88000	1	7	7
88000	2	3
88000	2	3
88000	2	3
88000	2	3
88000	2	3
88000	2	3
88000	2	4
88000	2	3
88000	2	4
88000	2	3
88000	2	3
88000	2	4
88000	2	3
88000	2	4
88000	2	3
88000	2	4
88000	2	4
88000	2	4
88000	2	3
88000	2	3
88000	2	3
88000	2	4
88000	2	4
88000	2	3
88000	2	3
88000	2	4
88000	2	3
88000	2	3
88000	2	3
88000	2	4
88000	2	4
88000	2	3
88000	2	3
88000	2	4
88000	2	4
88000	2	3
88000	2	3
88000	2	4
88000	2	3
88000	2	3
88000	2	3
88000	2	3
88000	2	4
88000	2	3
88000	2	4
88000	2	3
88000	2	3
88000	2	3
88000	2	3
88000	2	4	3
89000	1	8
89000	1	7
89000	1	7
89000	1	8
89000	1	8
89000	1	7
89000	1	7
89000	1	8
89000	1	8
89000	1	8
89000	1	8
89000	1	7
89000	1	7
89000	1	7
89000	1	9
89000	1	8
89000	1	8
89000	1	7
89000	1	7
89000	1	8
89000	1	7
89000	1	8
89000	1	7
89000	1	8
89000	1	7
89000	1	8
89000	1	8
89000	1	8
89000	1	7
89000	1	7
89000	1	7
89000	1	9
89000	1	8
89000	1	9
89000	1	8
89000	1	7
89000	1	8
89000	1	7
89000	1	9
89000	1	8
89000	1	8
89000	1	8
89000	1	9
89000	1	8
89000	1	7
89000	1	8
89000	1	8
89000	1	8
89000	1	8
89000	1	8	7
89000	2	3
89000	2	3
89000	2	3
89000	2	3
89000	2	4
89000	2	4
89000	2	3
89000	2	4
89000	2	3
89000	2	3
89000	2	4
89000	2	3
89000	2	3
89000	2	4
89000	2	4
89000	2	4
89000	2	4
89000	2	4
89000	2	3
89000	2	3
89000	2	4
89000	2	4
89000	2	4
89000	2	3
89000	2	3
89000	2	4
89000	2	4
89000	2	3
89000	2	3
89000	2	3
89000	2	4
89000	2	3
89000	2	4
89000	2	3
89000	2	4
89000	2	4
89000	2	4
89000	2	4
89000	2	4
89000	2	4
89000	2	3
89000	2	4
89000	2	3
89000	2	3
89000	2	4
89000	2	4
89000	2	3
89000	2	4
89000	2	3
89000	2	3	3
90000	1	8
90000	1	8
90000	1	8
90000	1	7
90000	1	8
90000	1	7
90000	1	8
90000	1	7
90000	1	7
90000	1	7
90000	1	8
90000	1	8
90000	1	8
90000	1	7
90000	1	9
90000	1	7
90000	1	8
90000	1	7
90000	1	7
90000	1	7
90000	1	7
90000	1	9
90000	1	7
90000	1	8
90000	1	8
90000	1	7
90000	1	7
90000	1	7
90000	1	7
90000	1	8
90000	1	7
90000	1	8
90000	1	8
90000	1	9
90000	1	8
90000	1	8
90000	1	8
90000	1	9
90000	1	8
90000	1	7
90000	1	8
90000	1	7
90000	1	8
90000	1	9
90000	1	8
90000	1	7
90000	1	9
90000	1	7
90000	1	8
90000	1	8	7
90000	2	3
90000	2	3
90000	2	4
90000	2	3
90000	2	3
90000	2	3
90000	2	4
90000	2	3
90000	2	4
90000	2	4
90000	2	4
90000	2	3
90000	2	3
90000	2	4
90000	2	3
90000	2	4
90000	2	4
90000	2	3
90000	2	3
90000	2	4
90000	2	4
90000	2	4
90000	2	4
90000	2	4
90000	2	3
90000	2	3
90000	2	4
90000	2	4
90000	2	3
90000	2	3
90000	2	4
90000	2	3
90000	2	3
90000	2	3
90000	2	3
90000	2	4
90000	2	3
90000	2	3
90000	2	3
90000	2	4
90000	2	3
90000	2	3
90000	2	3
90000	2	4
90000	2	3
90000	2	4
90000	2	4
90000	2	4
90000	2	4
90000	2	3	3
91000	1	7
91000	1	7
91000	1	8
91000	1	7
91000	1	7
91000	1	8
91000	1	8
91000	1	7
91000	1	7
91000	1	7
91000	1	7
91000	1	7
91000	1	8
91000	1	8
91000	1	8
91000	1	7
91000	1	7
91000	1	8
91000	1	8
91000	1	7
91000	1	8
91000	1	8
91000	1	8
91000	1	7
91000	1	7
91000	1	9
91000	1	8
91000	1	7
91000	1	8
91000	1	8
91000	1	8
91000	1	7
91000	1	7
91000	1	7
91000	1	8
91000	1	8
91000	1	7
91000	1	7
91000	1	8
91000	1	8
91000	1	8
91000	1	7
91000	1	8
91000	1	7
91000	1	10
91000	1	7
91000	1	7
91000	1	7
91000	1	10
91000	1	7	7
91000	2	4
91000	2	4
91000	2	4
91000	2	4
91000	2	4
91000	2	3
91000	2	3
91000	2	4
91000	2	4
91000	2	3
91000	2	4
91000	2	3
91000	2	4
91000	2	3
91000	2	3
91000	2	3
91000	2	3
91000	2	3
91000	2	4
91000	2	4
91000	2	3
91000	2	3
91000	2	3
91000	2	3
91000	2	4
91000	2	4
91000	2	3
91000	2	4
91000	2	4
91000	2	4
91000	2	4
91000	2	3
91000	2	3
91000	2	3
91000	2	4
91000	2	3
91000	2	4
91000	2	3
91000	2	3
91000	2	3
91000	2	3
91000	2	4
91000	2	3
91000	2	3
91000	2	4
91000	2	3
91000	2	3
91000	2	4
91000	2	3
91000	2	3	3
92000	1	8
92000	1	8
92000	1	7
92000	1	9
92000	1	8
92000	1	8
92000	1	7
92000	1	7
92000	1	8
92000	1	7
92000	1	7
92000	1	8
92000	1	7
92000	1	8
92000	1	9
92000	1	7
92000	1	7
92000	1	7
92000	1	7
92000	1	8
92000	1	8
92000	1	8
92000	1	8
92000	1	9
92000	1	8
92000	1	7
92000	1	7
92000	1	9
92000	1	8
92000	1	8
92000	1	7
92000	1	8
92000	1	9
92000	1	9
92000	1	8
92000	1	7
92000	1	8
92000	1	8
92000	1	8
92000	1	7
92000	1	7
92000	1	7
92000	1	7
92000	1	7
92000	1	7
92000	1	7
92000	1	8
92000	1	7
92000	1	9
92000	1	8	7
92000	2	4
92000	2	3
92000	2	4
92000	2	3
92000	2	3
92000	2	3
92000	2	4
92000	2	4
92000	2	3
92000	2	4
92000	2	4
92000	2	3
92000	2	4
92000	2	4
92000	2	3
92000	2	4
92000	2	4
92000	2	3
92000	2	3
92000	2	3
92000	2	4
92000	2	4
92000	2	4
92000	2	3
92000	2	3
92000	2	3
92000	2	4
92000	2	4
92000	2	4
92000	2	3
92000	2	4
92000	2	3
92000	2	4
92000	2	4
92000	2	3
92000	2	4
92000	2	3
92000	2	3
92000	2	4
92000	2	4
92000	2	4
92000	2	4
92000	2	4
92000	2	4
92000	2	4
92000	2	4
92000	2	4
92000	2	4
92000	2	4
92000	2	3	3
93000	1	7
93000	1	7
93000	1	8
93000	1	7
93000	1	8
93000	1	7
93000	1	7
93000	1	7
93000	1	8
93000	1	7
93000	1	8
93000	1	8
93000	1	8
93000	1	7
93000	1	8
93000	1	7
93000	1	8
93000	1	7
93000	1	7
93000	1	8
93000	1	8
93000	1	8
93000	1	7
93000	1	7
93000	1	7
93000	1	8
93000	1	8
93000	1	8
93000	1	8
93000	1	7
93000	1	8
93000	1	7
93000	1	8
93000	1	8
93000	1	8
93000	1	10
93000	1	7
93000	1	7
93000	1	8
93000	1	8
93000	1	7
93000	1	7
93000	1	7
93000	1	9
93000	1	7
93000	1	8
93000	1	8
93000	1	7
93000	1	8
93000	1	8	7
93000	2	4
93000	2	4
93000	2	3
93000	2	3
93000	2	3
93000	2	4
93000	2	3
93000	2	4
93000	2	4
93000	2	3
93000	2	3
93000	2	4
93000	2	3
93000	2	4
93000	2	4
93000	2	3
93000	2	3
93000	2	3
93000	2	3
93000	2	3
93000	2	4
93000	2	3
93000	2	4
93000	2	4
93000	2	3
93000	2	3
93000	2	4
93000	2	3
93000	2	3
93000	2	3
93000	2	3
93000	2	3
93000	2	4
93000	2	3
93000	2	3
93000	2	3
93000	2	3
93000	2	3
93000	2	4
93000	2	3
93000	2	3
93000	2	4
93000	2	4
93000	2	3
93000	2	3
93000	2	4
93000	2	3
93000	2	4
93000	2	4
93000	2	3	3
94000	1	8
94000	1	8
94000	1	8
94000	1	8
94000	1	8
94000	1	7
94000	1	8
94000	1	7
94000	1	7
94000	1	8
94000	1	7
94000	1	8
94000	1	8
94000	1	8
94000	1	9
94000	1	8
94000	1	8
94000	1	8
94000	1	7
94000	1	8
94000	1	8
94000	1	7
94000	1	7
94000	1	8
94000	1	7
94000	1	8
94000	1	7
94000	1	7
94000	1	8
94000	1	8
94000	1	8
94000	1	9
94000	1	8
94000	1	8
94000	1	7
94000	1	7
94000	1	10
94000	1	8
94000	1	8
94000	1	8
94000	1	7
94000	1	7
94000	1	10
94000	1	7
94000	1	8
94000	1	7
94000	1	8
94000	1	7
94000	1	8
94000	1	8	7
94000	2	4
94000	2	3
94000	2	3
94000	2	4
94000	2	3
94000	2	3
94000	2	3
94000	2	3
94000	2	3
94000	2	3
94000	2	3
94000	2	3
94000	2	3
94000	2	4
94000	2	3
94000	2	4
94000	2	3
94000	2	4
94000	2	3
94000	2	3
94000	2	3
94000	2	4
94000	2	3
94000	2	4
94000	2	4
94000	2	3
94000	2	4
94000	2	4
94000	2	3
94000	2	4
94000	2	3
94000	2	4
94000	2	4
94000	2	3
94000	2	3
94000	2	4
94000	2	4
94000	2	3
94000	2	3
94000	2	3
94000	2	3
94000	2	4
94000	2	4
94000	2	3
94000	2	4
94000	2	4
94000	2	3
94000	2	3
94000	2	4
94000	2	4	3
95000	1	7
95000	1	8
95000	1	9
95000	1	7
95000	1	8
95000	1	7
95000	1	7
95000	1	8
95000	1	8
95000	1	7
95000	1	7
95000	1	7
95000	1	9
95000	1	8
95000	1	8
95000	1	8
95000	1	8
95000	1	8
95000	1	8
95000	1	9
95000	1	8
95000	1	8
95000	1	7
95000	1	8
95000	1	8
95000	1	8
95000	1	8
95000	1	7
95000	1	9
95000	1	8
95000	1	7
95000	1	9
95000	1	9
95000	1	8
95000	1	7
95000	1	7
95000	1	7
95000	1	8
95000	1	7
95000	1	9
95000	1	7
95000	1	8
95000	1	7
95000	1	8
95000	1	7
95000	1	7
95000	1	8
95000	1	8
95000	1	7
95000	1	7	7
95000	2	4
95000	2	4
95000	2	4
95000	2	3
95000	2	3
95000	2	3
95000	2	3
95000	2	3
95000	2	3
95000	2	3
95000	2	3
95000	2	4
95000	2	3
95000	2	4
95000	2	4
95000	2	3
95000	2	4
95000	2	4
95000	2	4
95000	2	3
95000	2	4
95000	2	4
95000	2	3
95000	2	3
95000	2	4
95000	2	3
95000	2	3
95000	2	3
95000	2	3
95000	2	4
95000	2	3
95000	2	3
95000	2	3
95000	2	3
95000	2	4
95000	2	4
95000	2	4
95000	2	3
95000	2	4
95000	2	3
95000	2	3
95000	2	3
95000	2	4
95000	2	3
95000	2	3
95000	2	4
95000	2	3
95000	2	4
95000	2	4
95000	2	4	3
96000	1	7
96000	1	7
96000	1	8
96000	1	8
96000	1	7
96000	1	8
96000	1	7
96000	1	7
96000	1	8
96000	1	7
96000	1	7
96000	1	7
96000	1	8
96000	1	8
96000	1	7
96000	1	8
96000	1	8
96000	1	8
96000	1	7
96000	1	8
96000	1	7
96000	1	8
96000	1	8
96000	1	7
96000	1	8
96000	1	8
96000	1	7
96000	1	9
96000	1	8
96000	1	7
96000	1	8
96000	1	8
96000	1	8
96000	1	8
96000	1	7
96000	1	9
96000	1	7
96000	1	8
96000	1	8
96000	1	8
96000	1	7
96000	1	8
96000	1	8
96000	1	7
96000	1	8
96000	1	7
96000	1	7
96000	1	8
96000	1	8
96000	1	8	7
96000	2	3
96000	2	3
96000	2	4
96000	2	4
96000	2	4
96000	2	3
96000	2	3
96000	2	3
96000	2	4
96000	2	4
96000	2	3
96000	2	4
96000	2	4
96000	2	3
96000	2	3
96000	2	3
96000	2	3
96000	2	4
96000	2	4
96000	2	4
96000	2	4
96000	2	4
96000	2	3
96000	2	4
96000	2	3
96000	2	3
96000	2	3
96000	2	4
96000	2	4
96000	2	3
96000	2	3
96000	2	4
96000	2	4
96000	2	3
96000	2	4
96000	2	3
96000	2	3
96000	2	4
96000	2	4
96000	2	4
96000	2	4
96000	2	4
96000	2	4
96000	2	4
96000	2	3
96000	2	4
96000	2	3
96000	2	3
96000	2	4
96000	2	4	3
97000	1	8
97000	1	7
97000	1	9
97000	1	7
97000	1	8
97000	1	7
97000	1	9
97000	1	8
97000	1	9
97000	1	8
97000	1	8
97000	1	8
97000	1	8
97000	1	7
97000	1	7
97000	1	8
97000	1	8
97000	1	7
97000	1	8
97000	1	7
97000	1	7
97000	1	7
97000	1	10
97000	1	7
97000	1	9
97000	1	8
97000	1	7
97000	1	7
97000	1	8
97000	1	8
97000	1	8
97000	1	8
97000	1	7
97000	1	7
97000	1	8
97000	1	7
97000	1	8
97000	1	8
97000	1	9
97000	1	8
97000	1	9
97000	1	9
97000	1	9
97000	1	8
97000	1	9
97000	1	7
97000	1	9
97000	1	8
97000	1	8
97000	1	7	7
97000	2	3
97000	2	4
97000	2	4
97000	2	3
97000	2	3
97000	2	3
97000	2	3
97000	2	4
97000	2	4
97000	2	3
97000	2	4
97000	2	3
97000	2	4
97000	2	3
97000	2	3
97000	2	3
97000	2	4
97000	2	3
97000	2	3
97000	2	3
97000	2	3
97000	2	3
97000	2	3
97000	2	4
97000	2	3
97000	2	3
97000	2	4
97000	2	4
97000	2	3
97000	2	4
97000	2	4
97000	2	3
97000	2	3
97000	2	4
97000	2	4
97000	2	4
97000	2	4
97000	2	3
97000	2	3
97000	2	3
97000	2	4
97000	2	4
97000	2	4
97000	2	3
97000	2	3
97000	2	3
97000	2	4
97000	2	4
97000	2	3
97000	2	4	3
98000	1	8
98000	1	9
98000	1	8
98000	1	8
98000	1	9
98000	1	7
98000	1	7
98000	1	8
98000	1	9
98000	1	9
98000	1	8
98000	1	7
98000	1	8
98000	1	8
98000	1	7
98000	1	8
98000	1	7
98000	1	8
98000	1	8
98000	1	8
98000	1	7
98000	1	8
98000	1	7
98000	1	8
98000	1	7
98000	1	7
98000	1	8
98000	1	8
98000	1	7
98000	1	8
98000	1	8
98000	1	7
98000	1	7
98000	1	9
98000	1	7
98000	1	9
98000	1	8
98000	1	7
98000	1	8
98000	1	8
98000	1	7
98000	1	7
98000	1	7
98000	1	8
98000	1	7
98000	1	8
98000	1	8
98000	1	7
98000	1	7
98000	1	7	7
98000	2	3
98000	2	3
98000	2	3
98000	2	4
98000	2	4
98000	2	4
98000	2	3
98000	2	4
98000	2	3
98000	2	3
98000	2	4
98000	2	4
98000	2	4
98000	2	3
98000	2	4
98000	2	4
98000	2	3
98000	2	3
98000	2	3
98000	2	3
98000	2	4
98000	2	4
98000	2	3
98000	2	4
98000	2	4
98000	2	3
98000	2	3
98000	2	3
98000	2	4
98000	2	3
98000	2	3
98000	2	4
98000	2	3
98000	2	3
98000	2	4
98000	2	3
98000	2	3
98000	2	3
98000	2	3
98000	2	3
98000	2	4
98000	2	3
98000	2	4
98000	2	3
98000	2	4
98000	2	3
98000	2	3
98000	2	3
98000	2	4
98000	2	3	3
99000	1	9
99000	1	7
99000	1	7
99000	1	7
99000	1	8
99000	1	8
99000	1	7
99000	1	8
99000	1	7
99000	1	7
99000	1	8
99000	1	7
99000	1	7
99000	1	9
99000	1	7
99000	1	8
99000	1	7
99000	1	8
99000	1	8
99000	1	8
99000	1	7
99000	1	8
99000	1	7
99000	1	9
99000	1	8
99000	1	7
99000	1	7
99000	1	7
99000	1	9
99000	1	7
99000	1	7
99000	1	7
99000	1	7
99000	1	8
99000	1	8
99000	1	7
99000	1	9
99000	1	9
99000	1	8
99000	1	9
99000	1	8
99000	1	8
99000	1	8
99000	1	9
99000	1	9
99000	1	7
99000	1	8
99000	1	8
99000	1	8
99000	1	7	7
99000	2	4
99000	2	4
99000	2	4
99000	2	4
99000	2	3
99000	2	3
99000	2	3
99000	2	4
99000	2	3
99000	2	4
99000	2	3
99000	2	3
99000	2	3
99000	2	3
99000	2	4
99000	2	3
99000	2	3
99000	2	3
99000	2	3
99000	2	3
99000	2	3
99000	2	3
99000	2	4
99000	2	3
99000	2	4
99000	2	4
99000	2	4
99000	2	4
99000	2	3
99000	2	4
99000	2	4
99000	2	4
99000	2	3
99000	2	3
99000	2	4
99000	2	3
99000	2	4
99000	2	3
99000	2	4
99000	2	3
99000	2	4
99000	2	3
99000	2	3
99000	2	3
99000	2	4
99000	2	3
99000	2	3
99000	2	3
99000	2	4
99000	2	3	3
100000	1	8
100000	1	8
100000	1	8
100000	1	8
100000	1	8
100000	1	7
100000	1	8
100000	1	8
100000	1	8
100000	1	7
100000	1	8
100000	1	7
100000	1	7
100000	1	8
100000	1	9
100000	1	8
100000	1	8
100000	1	8
100000	1	9
100000	1	8
100000	1	8
100000	1	8
100000	1	8
100000	1	8
100000	1	7
100000	1	8
100000	1	8
100000	1	9
100000	1	8
100000	1	8
100000	1	8
100000	1	8
100000	1	8
100000	1	7
100000	1	7
100000	1	8
100000	1	8
100000	1	8
100000	1	8
100000	1	8
100000	1	7
100000	1	7
100000	1	8
100000	1	7
100000	1	8
100000	1	8
100000	1	7
100000	1	7
100000	1	8
100000	1	8	7
100000	2	4
100000	2	4
100000	2	4
100000	2	3
100000	2	4
100000	2	3
100000	2	3
100000	2	3
100000	2	4
100000	2	4
100000	2	3
100000	2	3
100000	2	4
100000	2	3
100000	2	4
100000	2	3
100000	2	4
100000	2	3
100000	2	4
100000	2	3
100000	2	4
100000	2	3
100000	2	4
100000	2	4
100000	2	4
100000	2	4
100000	2	3
100000	2	3
100000	2	4
100000	2	4
100000	2	4
100000	2	4
100000	2	4
100000	2	4
100000	2	4
100000	2	3
100000	2	4
100000	2	3
100000	2	3
100000	2	4
100000	2	3
100000	2	4
100000	2	4
100000	2	4
100000	2	3
100000	2	3
100000	2	4
100000	2	4
100000	2	3
100000	2	4	3
