-1 15 15 15
0.000691 31 1 2 #
0.000952 32 1 6 #
0.000960 33 1 8 #
0.000965 34 2 1 #
0.000970 35 3 12 #
0.000974 36 4 8 #
0.000978 37 4 13 #
0.000983 38 5 3 #
0.000987 39 5 5 #
0.000991 40 5 11 #
0.000995 41 5 12 #
0.000999 42 7 1 #
0.001003 43 7 4 #
0.001007 44 8 11 #
0.001010 45 9 8 #
0.001014 46 12 8 #
0.001018 47 13 6 #
0.001022 48 13 9 #
0.001025 49 14 4 #
0.001029 17 4 7 B
0.001033 24 9 8 I
0.001037 20 11 12 E
0.001041 23 11 5 H
0.001044 21 1 3 F
0.001048 27 12 4 L
0.001051 25 11 7 J
0.001055 28 4 10 M
0.001058 18 7 7 C
0.001062 19 4 9 D
0.001066 29 10 8 N
0.001070 30 7 13 S
0.001074 26 8 8 K
0.001077 16 12 6 A
0.001081 22 12 12 G
0.120742 27 11 4 L
0.179691 23 10 5 H
0.193982 28 3 10 M
0.196152 19 4 10 D
0.211130 18 7 8 C
0.216431 16 12 7 A
0.243831 30 7 14 S
0.248282 20 11 13 E
0.262201 50 6 0 4
0.302602 22 11 12 G
0.312688 21 1 2 f
0.349842 29 10 7 N
0.388892 27 10 4 L
0.393322 17 4 6 B
0.402600 18 6 8 C
0.416038 16 12 6 A
0.437295 19 5 10 D
0.455729 24 8 8 I
0.462689 29 11 7 N
0.464828 26 9 8 k
0.470458 25 11 8 J
0.515124 28 2 10 M
0.548100 30 7 13 S
0.559431 17 4 5 B
0.575779 29 11 6 N
0.658308 51 7 2 5
0.668783 23 11 5 H
0.677671 22 11 11 G
0.689354 20 11 14 E
0.703677 18 6 9 C
0.728337 19 5 9 D
0.757925 27 10 5 L
0.786536 24 7 8 I
0.786609 25 12 8 j
0.791233 22 12 11 G
0.796789 28 2 11 M
0.811454 16 12 7 A
0.831467 17 3 5 B
0.842807 29 12 6 N
0.926409 22 12 12 G
0.946861 28 1 11 M
0.967137 30 7 14 S
1.035414 52 12 0 7
1.047984 27 10 6 L
1.057467 22 11 12 G
1.068387 20 12 14 E
1.072116 18 6 10 C
1.093810 23 12 5 H
1.183556 17 3 6 B
1.198210 30 7 0 S
1.219386 19 6 9 D
1.230521 16 12 8 a
1.250859 23 12 4 H
1.259371 20 12 13 E
1.264116 24 6 8 I
1.273022 27 9 6 L
1.275068 29 13 6 n
1.335840 30 7 14 S
1.340059 17 3 5 B
1.426517 22 12 12 G
1.429232 28 1 12 M
1.437134 24 6 7 I
1.484943 20 13 13 E
1.485076 27 9 7 L
1.517210 18 7 10 C
1.528917 23 12 5 H
1.529486 53 11 12 5
1.558137 17 2 5 B
1.598271 28 1 11 M
1.612434 19 5 9 D
1.635145 18 7 9 C
1.637075 30 6 14 S
1.639207 20 12 13 E
1.676949 23 11 5 H
1.826388 28 1 10 M
1.846172 24 6 6 I
1.879554 22 13 12 G
1.897122 27 9 6 L
1.909347 18 6 9 C
1.937185 17 3 5 B
1.970524 54 0 1 1
2.001629 19 4 9 D
2.031118 22 14 12 G
2.031156 30 5 14 S
2.055388 18 6 10 C
2.069273 20 11 13 E
2.114219 17 2 5 B
2.163993 23 12 5 H
2.173451 18 6 11 C
2.193223 27 10 6 L
2.206608 22 14 13 G
2.268443 28 2 10 M
2.303267 17 2 4 B
2.313299 31 1 2 #
2.316524 30 5 13 S
2.321877 27 11 6 L
2.322230 24 6 7 I
2.368488 18 6 10 C
2.385658 19 4 10 D
2.416569 55 2 8 5
2.445843 24 5 7 I
2.449946 28 1 10 M
2.465873 45 9 8 #
2.496650 22 14 14 G
2.501586 23 11 5 H
2.533691 19 4 11 D
2.624679 23 10 5 H
2.633936 24 5 8 I
2.666349 17 2 3 B
2.676776 19 4 12 D
2.680999 18 6 11 C
2.703530 20 11 13 e
2.711417 30 4 13 s
2.729437 22 13 14 G
2.742941 27 12 6 L
2.787596 46 12 8 #
2.797604 56 7 5 5
2.839959 24 5 9 I
2.905562 22 14 14 G
2.918860 23 10 6 H
2.943076 28 1 11 M
2.984717 57 0 5 8
3.026894 19 3 12 d
3.047462 17 2 4 B
3.102679 22 14 13 G
3.170273 18 7 11 C
3.186291 27 12 5 L
3.208051 24 5 8 I
3.231618 46 12 8 #
3.237851 23 11 6 H
3.275603 47 13 6 #
3.381395 18 6 11 C
3.391138 28 1 10 M
3.465773 58 9 2 6
3.512523 17 1 4 B
3.514552 27 12 4 L
3.544753 22 13 13 G
3.582495 18 6 10 C
3.614789 17 1 3 B
3.665194 24 4 8 i
3.694771 18 5 10 C
3.713791 23 10 6 H
3.759287 28 2 10 M
3.785933 22 13 12 G
3.827975 60 12 9 1
3.829810 27 11 4 L
3.894211 17 0 3 B
3.935386 28 2 11 M
4.004058 61 12 3 3
4.110994 18 5 11 c
4.148096 62 6 9 5
4.195306 17 0 2 B
4.233914 27 12 4 L
4.268020 22 12 12 G
4.269644 28 2 12 M
4.371112 22 13 12 G
4.388540 28 2 11 M
4.465211 63 9 7 5
4.518899 17 1 2 b
4.559162 22 13 13 G
4.695075 27 12 5 L
4.710254 64 14 10 4
4.711650 37 4 13 #
4.731586 22 14 13 G
4.801119 28 3 11 M
5.027563 35 3 12 #
5.058202 28 4 11 M
5.067648 22 0 13 G
5.096168 27 11 5 L
5.151593 66 0 9 8
5.282815 22 0 14 G
5.482458 27 11 4 L
5.490630 67 1 0 1
5.514487 28 5 11 m
5.665974 36 4 8 #
5.694816 22 14 14 G
5.737560 27 11 3 L
6.087256 69 3 3 4
6.112094 40 5 11 #
6.148582 22 13 14 G
6.263314 50 420 420 4
6.393359 70 5 10 3
6.410924 27 11 3 l
6.460765 22 12 14 G
6.519506 31 1 2 #
6.659403 51 420 420 5
6.877444 71 0 0 7
7.174004 72 2 3 7
7.306975 22 12 14 g
7.515607 40 5 11 #
7.555768 73 11 1 2
7.673022 74 7 3 6
7.970721 54 420 420 1
8.416896 55 420 420 5
8.607728 77 7 6 4
8.798686 56 420 420 5
8.985630 57 420 420 8
9.005721 78 13 4 1
9.232833 79 5 0 9
9.466884 58 420 420 6
9.665951 80 13 7 3
9.829090 60 420 420 1
10.005056 81 5 7 8
10.149197 62 420 420 5
10.427221 82 10 11 2
10.466291 63 420 420 5
10.711233 64 420 420 4
10.740193 83 14 1 4
11.005254 84 13 11 5
11.152719 66 420 420 8
11.355431 85 10 2 2
11.491717 67 420 420 1
11.526508 86 9 9 5
11.840357 87 13 3 5
12.088390 69 420 420 4
12.335455 89 8 4 9
12.394474 70 420 420 3
12.729452 90 4 1 6
12.877712 71 420 420 7
12.931734 91 6 8 1
13.175126 72 420 420 7
13.272890 92 8 10 2
13.556907 73 420 420 2
13.673634 74 420 420 6
13.727041 93 12 1 6
13.970119 94 12 5 9
14.084247 95 12 4 5
14.497135 96 12 13 2
14.607882 77 420 420 4
14.768248 97 3 14 3
14.940348 98 2 9 2
15.006030 78 420 420 1
15.233155 79 420 420 9
15.667056 80 420 420 3
15.694182 100 4 3 3
15.800410 101 4 4 8
16.005789 81 420 420 8
16.163424 102 6 9 7
16.428202 82 420 420 2
16.470517 103 2 2 8
16.740328 83 420 420 4
16.842585 104 5 0 9
17.005436 84 420 420 5
17.356545 85 420 420 2
17.527661 86 420 420 5
17.841483 87 420 420 5
17.890981 107 5 7 9
18.336450 89 420 420 9
18.585617 109 8 0 7
18.730576 90 420 420 6
18.924043 110 14 13 9
18.932719 91 420 420 1
19.274965 92 420 420 2
19.375008 111 9 14 4
19.498717 112 3 11 9
19.728041 93 420 420 6
19.737714 113 0 3 7
19.971177 94 420 420 9
20.060766 114 1 4 9
20.085264 95 420 420 5
20.231789 115 8 9 3
20.498224 96 420 420 2
20.659884 116 10 11 7
20.769307 97 420 420 3
20.941443 98 420 420 2
21.055017 117 4 12 7
21.224031 118 1 3 7
21.542503 119 8 10 3
21.695309 100 420 420 3
21.797641 120 10 13 8
21.800841 101 420 420 8
21.951729 121 8 3 3
22.164827 102 420 420 7
22.264914 122 6 0 3
22.471186 103 420 420 8
22.717999 123 4 4 5
22.843667 104 420 420 9
23.812862 126 6 14 3
23.892015 107 420 420 9
23.957911 127 10 7 9
24.420992 128 1 10 6
24.586429 109 420 420 7
24.924348 110 420 420 9
25.108211 130 2 6 3
25.376070 111 420 420 4
25.426062 131 12 7 4
25.499777 112 420 420 9
25.738776 113 420 420 7
25.795408 133 2 12 6
25.899515 134 0 1 4
26.061476 114 420 420 9
26.233086 115 420 420 3
26.362968 136 0 13 8
26.565140 137 1 5 8
26.660957 116 420 420 7
27.055308 117 420 420 7
27.055398 139 0 3 7
27.224365 118 420 420 7
27.543601 119 420 420 3
27.798770 120 420 420 8
27.952766 121 420 420 3
28.265959 122 420 420 3
28.413619 142 4 6 4
28.719079 123 420 420 5
28.736736 144 12 6 5
28.962782 145 3 4 9
29.198387 146 7 5 2
29.343478 147 8 6 2
29.814000 126 420 420 3
29.958100 127 420 420 9
30.011428 149 12 11 6
30.122607 150 10 8 9
