-1  15  15  15
 0.000764367  0  0  0 A
 0.019920463  0  0  14 A
 0.056935254  0  0  13 A
 0.068776275  0  0  12 A
 0.091376711  0  0  11 A
 0.138445003  0  0  10 A
 0.156181478  0  0  9 A
 0.180061285  0  0  8 A
 0.199338631  0  0  7 A
 0.246767249  0  0  6 A
 0.259127245  0  0  5 A
 0.300895832  0  0  4 A
 0.335261352  0  0  3 A
 0.369102393  0  0  2 A
 0.403652012  0  0  1 A
 0.431037362  0  0  0 A
 0.474238645  0  0  14 A
 0.519220922  0  0  13 A
 0.000797094  1  1  1 B
 0.034398588  1  2  1 B
 0.058752044  1  3  1 B
 0.092231296  1  4  1 B
 0.110682157  1  5  1 B
 0.136859624  1  6  1 B
 0.172460262  1  7  1 B
 0.221082223  1  8  1 B
 0.238768282  1  9  1 B
 0.287085646  1  10  1 B
 0.298841494  1  11  1 B
 0.330504123  1  12  1 B
 0.349198855  1  13  1 B
 0.380745802  1  14  1 B
 0.431050270  1  0  1 B
 0.473383284  1  1  1 B
 0.503102906  1  2  1 B
 0.535372981  1  3  1 B
 0.000897727  5  5  5 F
 0.018183565  5  4  5 F
 0.050382116  5  3  5 F
 0.078292889  5  2  5 F
 0.125814901  5  1  5 F
 0.172175940  5  0  5 F
 0.191787981  5  14  5 F
 0.218847695  5  13  5 F
 0.255596818  5  12  5 F
 0.284599416  5  11  5 F
 0.307846893  5  10  5 F
 0.339088288  5  9  5 F
 0.383306965  5  8  5 F
 0.399800450  5  7  5 F
 0.418959930  5  6  5 F
 0.455007393  5  5  5 F
 0.492257845  5  4  5 F
 0.536637427  5  3  5 F
 0.566060651  5  2  5 F
 0.577836955  5  1  5 F
 0.001041776  11  11  11 L
 0.033704907  11  10  11 L
 0.066392875  11  9  11 L
 0.102388180  11  8  11 L
 0.143425805  11  7  11 L
 0.158059809  11  6  11 L
 0.186126084  11  5  11 L
 0.206256814  11  4  11 L
 0.217526127  11  3  11 L
 0.264266385  11  2  11 L
 0.274778661  11  1  11 L
 0.301645964  11  0  11 L
 0.331586811  11  14  11 L
 0.354841234  11  13  11 L
 0.386353844  11  12  11 L
 0.413058427  11  11  11 L
 0.449188765  11  10  11 L
 0.476243674  11  9  11 L
 0.514585680  11  8  11 L
 0.527107587  11  7  11 L
 0.558314990  11  6  11 L
 0.589583245  11  5  11 L
 0.621299987  11  4  11 L
 0.648676958  11  3  11 L
 0.663168651  11  2  11 L
 0.692996465  11  1  11 L
 0.720084976  11  0  11 L
 0.762947019  11  14  11 L
 0.803734643  11  13  11 L
 0.815054658  11  12  11 L
 0.851987811  11  11  11 L
 0.898352723  11  10  11 L
 0.928170511  11  9  11 L
 0.964935489  11  8  11 L
 1.005186178  11  7  11 L
 0.000872805  4  4  4 E
 0.050393597  4  4  5 E
 0.098963255  4  4  6 E
 0.115425670  4  4  7 E
 0.128611726  4  4  8 E
 0.160557359  4  4  9 E
 0.182284868  4  4  10 E
 0.224570716  4  4  11 E
 0.267357799  4  4  12 E
 0.291367686  4  4  13 E
 0.330097296  4  4  14 E
 0.379738879  4  4  0 E
 0.414577353  4  4  1 E
 0.452207745  4  4  2 E
 0.468328365  4  4  3 E
 0.510614543  4  4  4 E
 0.545660630  4  4  5 E
 0.579384355  4  4  6 E
 0.590930728  4  4  7 E
 0.615163227  4  4  8 E
 0.655289068  4  4  9 E
 0.703847371  4  4  10 E
 0.733634420  4  4  11 E
 0.745552449  4  4  12 E
 0.760434303  4  4  13 E
 0.773738746  4  4  14 E
 0.808236791  4  4  0 E
 0.833203141  4  4  1 E
 0.873356083  4  4  2 E
 0.895374750  4  4  3 E
 0.917342005  4  4  4 E
 0.952922877  4  4  5 E
 0.990676737  4  4  6 E
 1.028115342  4  4  7 E
 1.039724317  4  4  8 E
 1.061723230  4  4  9 E
 1.102877597  4  4  10 E
 1.137476793  4  4  11 E
 1.147904141  4  4  12 E
 1.175203918  4  4  13 E
 1.187023993  4  4  14 E
 1.197834492  4  4  0 E
 1.245198587  4  4  1 E
 0.001065851  12  12  12 M
 0.013025019  12  12  13 M
 0.057874549  12  12  14 M
 0.095394493  12  12  0 M
 0.121153418  12  12  1 M
 0.170990706  12  12  2 M
 0.228232115  12  12  3 M
 0.250207244  12  12  4 M
 0.284606785  12  12  5 M
 0.304905624  12  12  6 M
 0.336030410  12  12  7 M
 0.379615502  12  12  8 M
 0.397409192  12  12  9 M
 0.429729938  12  12  10 M
 0.460284513  12  12  11 M
 0.484465540  12  12  12 M
 0.532681180  12  12  13 M
 0.570376867  12  12  14 M
 0.593647550  12  12  0 M
 0.622657648  12  12  1 M
 0.650639886  12  12  2 M
 0.691776722  12  12  3 M
 0.731170269  12  12  4 M
 0.746159419  12  12  5 M
 0.776041807  12  12  6 M
 0.787621049  12  12  7 M
 0.832857718  12  12  8 M
 0.871636130  12  12  9 M
 0.899200877  12  12  10 M
 0.938051295  12  12  11 M
 0.949918497  12  12  12 M
 1.030568795  12  12  13 M
 1.073951143  12  12  14 M
 1.111688854  12  12  0 M
 1.151804046  12  12  1 M
 1.194684417  12  12  2 M
 1.209052108  12  12  3 M
 1.243647769  12  12  4 M
 1.268056613  12  12  5 M
 1.278432406  12  12  6 M
 1.289701887  12  12  7 M
 1.303909990  12  12  8 M
 0.001114183  14  14  14 O
 0.014718817  14  14  13 O
 0.049364795  14  14  12 O
 0.087192155  14  14  11 O
 0.127261242  14  14  10 O
 0.137442864  14  14  9 O
 0.162301622  14  14  8 O
 0.197557959  14  14  7 O
 0.220310239  14  14  6 O
 0.259013984  14  14  5 O
 0.287506948  14  14  4 O
 0.331576391  14  14  3 O
 0.380163124  14  14  2 O
 0.431058026  14  14  1 O
 0.463514540  14  14  0 O
 0.486645615  14  14  14 O
 0.508560773  14  14  13 O
 0.558305731  14  14  12 O
 0.586955910  14  14  11 O
 0.616018988  14  14  10 O
 0.653449130  14  14  9 O
 0.702806197  14  14  8 O
 0.723003829  14  14  7 O
 0.755134281  14  14  6 O
 0.779037160  14  14  5 O
 0.805143616  14  14  4 O
 0.840996299  14  14  3 O
 0.864102245  14  14  2 O
 0.877553380  14  14  1 O
 0.900650518  14  14  0 O
 0.933363650  14  14  14 O
 0.970046609  14  14  13 O
 0.987118634  14  14  12 O
 1.009673875  14  14  11 O
 1.031197243  14  14  10 O
 1.059581324  14  14  9 O
 1.102867024  14  14  8 O
 1.149094536  14  14  7 O
 1.172662409  14  14  6 O
 1.200420121  14  14  5 O
 1.240585869  14  14  4 O
 1.255317936  14  14  3 O
 1.298070847  14  14  2 O
 1.314697870  14  14  1 O
 1.336529642  14  14  0 O
 1.346941156  14  14  14 O
 1.392363676  14  14  13 O
 1.410328204  14  14  12 O
 1.433474677  14  14  11 O
 1.460296667  14  14  10 O
 1.475930049  14  14  9 O
 1.509059847  14  14  8 O
 1.533182117  14  14  7 O
 0.000946500  7  7  7 H
 0.057885566  7  6  7 H
 0.078407939  7  5  7 H
 0.101821961  7  4  7 H
 0.115412989  7  3  7 H
 0.154676065  7  2  7 H
 0.201484051  7  1  7 H
 0.246775276  7  0  7 H
 0.288031330  7  14  7 H
 0.328765813  7  13  7 H
 0.379624001  7  12  7 H
 0.414171221  7  11  7 H
 0.462933205  7  10  7 H
 0.499105320  7  9  7 H
 0.537989879  7  8  7 H
 0.565662581  7  7  7 H
 0.589140730  7  6  7 H
 0.624457806  7  5  7 H
 0.656090189  7  4  7 H
 0.689147207  7  3  7 H
 0.722714835  7  2  7 H
 0.735175586  7  1  7 H
 0.766456332  7  0  7 H
 0.782526199  7  14  7 H
 0.798728646  7  13  7 H
 0.833736874  7  12  7 H
 0.865764299  7  11  7 H
 0.889743263  7  10  7 H
 0.916615229  7  9  7 H
 0.957129253  7  8  7 H
 0.996469060  7  7  7 H
 1.023947819  7  6  7 H
 1.036784672  7  5  7 H
 1.052647985  7  4  7 H
 1.087343825  7  3  7 H
 1.108308908  7  2  7 H
 1.154942734  7  1  7 H
 1.199821120  7  0  7 H
 1.240092671  7  14  7 H
 1.282856649  7  13  7 H
 1.325475329  7  12  7 H
 1.343996909  7  11  7 H
 1.365442219  7  10  7 H
 1.377147877  7  9  7 H
 1.408763781  7  8  7 H
 1.449691576  7  7  7 H
 1.492953929  7  6  7 H
 1.529391847  7  5  7 H
 1.562100764  7  4  7 H
 1.583715451  7  3  7 H
 1.630630714  7  2  7 H
 1.657468783  7  1  7 H
 1.670679715  7  0  7 H
 1.709407476  7  14  7 H
 1.719691761  7  13  7 H
 1.769585369  7  12  7 H
 1.818524441  7  11  7 H
 0.000847983  3  3  3 D
 0.047256943  3  2  3 D
 0.082950085  3  1  3 D
 0.118828712  3  0  3 D
 0.132830461  3  14  3 D
 0.157209135  3  13  3 D
 0.190192482  3  12  3 D
 0.228222161  3  11  3 D
 0.242972601  3  10  3 D
 0.291325809  3  9  3 D
 0.329406280  3  8  3 D
 0.375841619  3  7  3 D
 0.393017123  3  6  3 D
 0.442093347  3  5  3 D
 0.510621858  3  4  3 D
 0.520902479  3  3  3 D
 0.540565942  3  2  3 D
 0.551901142  3  1  3 D
 0.588528232  3  0  3 D
 0.602230440  3  14  3 D
 0.614246568  3  13  3 D
 0.628279641  3  12  3 D
 0.641220273  3  11  3 D
 0.674900254  3  10  3 D
 0.719535707  3  9  3 D
 0.760398485  3  8  3 D
 0.794287119  3  7  3 D
 0.825372795  3  6  3 D
 0.846922875  3  5  3 D
 0.874207468  3  4  3 D
 0.889574297  3  3  3 D
 0.928049211  3  2  3 D
 0.972497488  3  1  3 D
 1.009177025  3  0  3 D
 1.041992915  3  14  3 D
 1.056162846  3  13  3 D
 1.098379434  3  12  3 D
 1.139791510  3  11  3 D
 1.185244058  3  10  3 D
 1.200570599  3  9  3 D
 1.237951803  3  8  3 D
 1.275768755  3  7  3 D
 1.307123109  3  6  3 D
 1.334850913  3  5  3 D
 1.355215514  3  4  3 D
 1.397359043  3  3  3 D
 1.428530005  3  2  3 D
 1.452454723  3  1  3 D
 1.476512402  3  0  3 D
 1.501452583  3  14  3 D
 1.513521482  3  13  3 D
 1.523739479  3  12  3 D
 1.552405289  3  11  3 D
 1.566146321  3  10  3 D
 1.611373932  3  9  3 D
 1.640140524  3  8  3 D
 1.662478934  3  7  3 D
 1.709485686  3  6  3 D
 1.749992188  3  5  3 D
 1.778297906  3  4  3 D
 1.798431240  3  3  3 D
 1.836750762  3  2  3 D
 1.885299122  3  1  3 D
 0.000821419  2  2  2 C
 0.058758213  2  2  1 C
 0.085635629  2  2  0 C
 0.122950185  2  2  14 C
 0.150593061  2  2  13 C
 0.172864090  2  2  12 C
 0.208312477  2  2  11 C
 0.231101737  2  2  10 C
 0.254638728  2  2  9 C
 0.282000203  2  2  8 C
 0.330513335  2  2  7 C
 0.360424023  2  2  6 C
 0.373136721  2  2  5 C
 0.404962333  2  2  4 C
 0.444286453  2  2  3 C
 0.458237270  2  2  2 C
 0.484773453  2  2  1 C
 0.503095715  2  2  0 C
 0.521866484  2  2  14 C
 0.552658374  2  2  13 C
 0.574218503  2  2  12 C
 0.613413544  2  2  11 C
 0.659205369  2  2  10 C
 0.702062731  2  2  9 C
 0.734696531  2  2  8 C
 0.770671036  2  2  7 C
 0.803793704  2  2  6 C
 0.836824958  2  2  5 C
 0.862051330  2  2  4 C
 0.885058168  2  2  3 C
 0.928038876  2  2  2 C
 0.965940961  2  2  1 C
 0.976513739  2  2  0 C
 1.007308281  2  2  14 C
 1.025234070  2  2  13 C
 1.057109973  2  2  12 C
 1.084965276  2  2  11 C
 1.123522783  2  2  10 C
 1.147235700  2  2  9 C
 1.162528881  2  2  8 C
 1.180200936  2  2  7 C
 1.196636536  2  2  6 C
 1.239516581  2  2  5 C
 1.283500630  2  2  4 C
 1.328192011  2  2  3 C
 1.341892918  2  2  2 C
 1.377131305  2  2  1 C
 1.414153753  2  2  0 C
 1.449679596  2  2  14 C
 1.497539459  2  2  13 C
 1.525943528  2  2  12 C
 1.541022543  2  2  11 C
 1.573470992  2  2  10 C
 1.593548119  2  2  9 C
 1.619973801  2  2  8 C
 1.657475743  2  2  7 C
 1.687410228  2  2  6 C
 1.706005249  2  2  5 C
 1.751836557  2  2  4 C
 1.797375118  2  2  3 C
 1.825978554  2  2  2 C
 1.856138515  2  2  1 C
 1.905406588  2  2  0 C
 1.938967972  2  2  14 C
 1.981996393  2  2  13 C
 1.994991580  2  2  12 C
 2.041170578  2  2  11 C
 2.083903248  2  2  10 C
 2.129923372  2  2  9 C
 0.000921911  6  6  6 G
 0.021322479  6  6  7 G
 0.057877542  6  6  8 G
 0.081474114  6  6  9 G
 0.118953499  6  6  10 G
 0.129220148  6  6  11 G
 0.140933562  6  6  12 G
 0.154351743  6  6  13 G
 0.198901504  6  6  14 G
 0.219684746  6  6  0 G
 0.244228451  6  6  1 G
 0.292390885  6  6  2 G
 0.313617998  6  6  3 G
 0.334372557  6  6  4 G
 0.370844923  6  6  5 G
 0.386832637  6  6  6 G
 0.398354977  6  6  7 G
 0.414193516  6  6  8 G
 0.437263673  6  6  9 G
 0.470915448  6  6  10 G
 0.513188480  6  6  11 G
 0.524999687  6  6  12 G
 0.558323325  6  6  13 G
 0.573987374  6  6  14 G
 0.613395461  6  6  0 G
 0.631217776  6  6  1 G
 0.643791997  6  6  2 G
 0.693114202  6  6  3 G
 0.710613457  6  6  4 G
 0.758307630  6  6  5 G
 0.784482672  6  6  6 G
 0.822590947  6  6  7 G
 0.854448940  6  6  8 G
 0.889814010  6  6  9 G
 0.935608646  6  6  10 G
 0.946947776  6  6  11 G
 0.991126381  6  6  12 G
 1.001462023  6  6  13 G
 1.034108230  6  6  14 G
 1.046912829  6  6  0 G
 1.065210797  6  6  1 G
 1.075738433  6  6  2 G
 1.099156008  6  6  3 G
 1.148049647  6  6  4 G
 1.190916497  6  6  5 G
 1.237869118  6  6  6 G
 1.273180270  6  6  7 G
 1.287331072  6  6  8 G
 1.332444344  6  6  9 G
 1.348959490  6  6  10 G
 1.390418723  6  6  11 G
 1.400821153  6  6  12 G
 1.413869660  6  6  13 G
 1.442555982  6  6  14 G
 1.464757684  6  6  0 G
 1.480296373  6  6  1 G
 1.515013099  6  6  2 G
 1.536332159  6  6  3 G
 1.563965711  6  6  4 G
 1.580554940  6  6  5 G
 1.622438262  6  6  6 G
 1.647831209  6  6  7 G
 1.678317242  6  6  8 G
 1.714531703  6  6  9 G
 1.743680814  6  6  10 G
 1.758466054  6  6  11 G
 1.790259485  6  6  12 G
 1.820144227  6  6  13 G
 1.848511780  6  6  14 G
 1.869427550  6  6  0 G
 1.909025157  6  6  1 G
 1.952124745  6  6  2 G
 1.967645467  6  6  3 G
 1.982790680  6  6  4 G
 2.006812898  6  6  5 G
 2.038265418  6  6  6 G
 2.088131515  6  6  7 G
 2.101869420  6  6  8 G
 2.143530101  6  6  9 G
 2.188971358  6  6  10 G
 2.215731875  6  6  11 G
 2.237858615  6  6  12 G
 2.277079133  6  6  13 G
 2.319622053  6  6  14 G
 2.363801595  6  6  0 G
 2.400518411  6  6  1 G
 2.417662305  6  6  2 G
 2.431130285  6  6  3 G
 2.456357213  6  6  4 G
 0.001017699  10  10  10 K
 0.066406508  10  10  11 K
 0.091719497  10  10  12 K
 0.101861770  10  10  13 K
 0.144341266  10  10  14 K
 0.163780211  10  10  0 K
 0.185471011  10  10  1 K
 0.199292106  10  10  2 K
 0.227850848  10  10  3 K
 0.242618212  10  10  4 K
 0.287044513  10  10  5 K
 0.300406476  10  10  6 K
 0.314811213  10  10  7 K
 0.352134470  10  10  8 K
 0.390608986  10  10  9 K
 0.419313105  10  10  10 K
 0.476250573  10  10  11 K
 0.525898832  10  10  12 K
 0.553538814  10  10  13 K
 0.599001505  10  10  14 K
 0.642690757  10  10  0 K
 0.677304322  10  10  1 K
 0.722112543  10  10  2 K
 0.741658612  10  10  3 K
 0.783306996  10  10  4 K
 0.800370568  10  10  5 K
 0.825589140  10  10  6 K
 0.835798629  10  10  7 K
 0.869007572  10  10  8 K
 0.909073829  10  10  9 K
 0.920120012  10  10  10 K
 0.943319307  10  10  11 K
 0.991860274  10  10  12 K
 1.008983229  10  10  13 K
 1.042235853  10  10  14 K
 1.057970910  10  10  0 K
 1.103511249  10  10  1 K
 1.137940598  10  10  2 K
 1.160320976  10  10  3 K
 1.183935350  10  10  4 K
 1.214689517  10  10  5 K
 1.249569807  10  10  6 K
 1.293274472  10  10  7 K
 1.333351840  10  10  8 K
 1.368314142  10  10  9 K
 1.381531074  10  10  10 K
 1.393178693  10  10  11 K
 1.441359776  10  10  12 K
 1.467736836  10  10  13 K
 1.500761899  10  10  14 K
 1.544578873  10  10  0 K
 1.586022024  10  10  1 K
 1.623272099  10  10  2 K
 1.635461320  10  10  3 K
 1.661608391  10  10  4 K
 1.709691432  10  10  5 K
 1.719939830  10  10  6 K
 1.742917856  10  10  7 K
 1.767942867  10  10  8 K
 1.780032432  10  10  9 K
 1.821590791  10  10  10 K
 1.844195490  10  10  11 K
 1.878428331  10  10  12 K
 1.905067866  10  10  13 K
 1.942409078  10  10  14 K
 1.975097550  10  10  0 K
 2.020840132  10  10  1 K
 2.040871888  10  10  2 K
 2.085184853  10  10  3 K
 2.130758574  10  10  4 K
 2.166712684  10  10  5 K
 2.187290582  10  10  6 K
 2.213202890  10  10  7 K
 2.241093161  10  10  8 K
 2.264671628  10  10  9 K
 2.304940412  10  10  10 K
 2.318358950  10  10  11 K
 2.336806390  10  10  12 K
 2.386202743  10  10  13 K
 2.409006693  10  10  14 K
 2.435881036  10  10  0 K
 2.478154066  10  10  1 K
 0.000969811  8  8  8 I
 0.046255356  8  8  7 I
 0.070180336  8  8  6 I
 0.094976081  8  8  5 I
 0.134978798  8  8  4 I
 0.167292021  8  8  3 I
 0.203301639  8  8  2 I
 0.238776454  8  8  1 I
 0.276356012  8  8  0 I
 0.304893481  8  8  14 I
 0.344918456  8  8  13 I
 0.359474945  8  8  12 I
 0.389238024  8  8  11 I
 0.407807288  8  8  10 I
 0.439487593  8  8  9 I
 0.480384255  8  8  8 I
 0.501595927  8  8  7 I
 0.519731244  8  8  6 I
 0.536441191  8  8  5 I
 0.571805490  8  8  4 I
 0.594560603  8  8  3 I
 0.643943507  8  8  2 I
 0.679893078  8  8  1 I
 0.702957419  8  8  0 I
 0.745257809  8  8  14 I
 0.795159255  8  8  13 I
 0.840641649  8  8  12 I
 0.871940309  8  8  11 I
 0.920680363  8  8  10 I
 0.961224411  8  8  9 I
 0.986405325  8  8  8 I
 1.012603059  8  8  7 I
 1.029971168  8  8  6 I
 1.057256589  8  8  5 I
 1.102274054  8  8  4 I
 1.130606636  8  8  3 I
 1.172677174  8  8  2 I
 1.193532621  8  8  1 I
 1.224994947  8  8  0 I
 1.250138096  8  8  14 I
 1.274247557  8  8  13 I
 1.300069683  8  8  12 I
 1.349461178  8  8  11 I
 1.386496634  8  8  10 I
 1.397372069  8  8  9 I
 1.412160432  8  8  8 I
 1.449698230  8  8  7 I
 1.473178678  8  8  6 I
 1.505520274  8  8  5 I
 1.520427771  8  8  4 I
 1.570174310  8  8  3 I
 1.606903715  8  8  2 I
 1.623513989  8  8  1 I
 1.635331007  8  8  0 I
 1.650557515  8  8  14 I
 1.682411801  8  8  13 I
 1.712698369  8  8  12 I
 1.760394756  8  8  11 I
 1.801057416  8  8  10 I
 1.841951992  8  8  9 I
 1.879792034  8  8  8 I
 1.899769938  8  8  7 I
 1.919433458  8  8  6 I
 1.937995715  8  8  5 I
 1.962190068  8  8  4 I
 1.988638651  8  8  3 I
 2.013136305  8  8  2 I
 2.062922501  8  8  1 I
 2.081447717  8  8  0 I
 2.098850277  8  8  14 I
 2.147165715  8  8  13 I
 2.187800107  8  8  12 I
 2.219505508  8  8  11 I
 2.260632645  8  8  10 I
 2.304607459  8  8  9 I
 2.318590441  8  8  8 I
 2.340208758  8  8  7 I
 2.377357580  8  8  6 I
 2.419878717  8  8  5 I
 2.462768563  8  8  4 I
 2.502540298  8  8  3 I
 2.551040378  8  8  2 I
 2.576523234  8  8  1 I
 2.608752429  8  8  0 I
 2.647393469  8  8  14 I
 2.696341766  8  8  13 I
 2.729140141  8  8  12 I
 2.764077196  8  8  11 I
 0.001090265  13  13  13 N
 0.049374724  13  14  13 N
 0.085332357  13  0  13 N
 0.126345241  13  1  13 N
 0.139070204  13  2  13 N
 0.150586021  13  3  13 N
 0.174363798  13  4  13 N
 0.205575739  13  5  13 N
 0.223197833  13  6  13 N
 0.266776761  13  7  13 N
 0.297110888  13  8  13 N
 0.343688488  13  9  13 N
 0.384631345  13  10  13 N
 0.428363265  13  11  13 N
 0.477410626  13  12  13 N
 0.491544701  13  13  13 N
 0.558331101  13  14  13 N
 0.583229327  13  0  13 N
 0.605978193  13  1  13 N
 0.632220337  13  2  13 N
 0.663775492  13  3  13 N
 0.690215624  13  4  13 N
 0.735734413  13  5  13 N
 0.774863920  13  6  13 N
 0.815736857  13  7  13 N
 0.840653499  13  8  13 N
 0.873235191  13  9  13 N
 0.919217562  13  10  13 N
 0.957543451  13  11  13 N
 0.993587401  13  12  13 N
 1.030560963  13  13  13 N
 1.043371061  13  14  13 N
 1.079533590  13  0  13 N
 1.105900031  13  1  13 N
 1.124022316  13  2  13 N
 1.165926219  13  3  13 N
 1.187035549  13  4  13 N
 1.202282886  13  5  13 N
 1.239420260  13  6  13 N
 1.283960778  13  7  13 N
 1.302110141  13  8  13 N
 1.331964791  13  9  13 N
 1.370900049  13  10  13 N
 1.384193170  13  11  13 N
 1.403207478  13  12  13 N
 1.428230335  13  13  13 N
 1.458188685  13  14  13 N
 1.473738439  13  0  13 N
 1.487264118  13  1  13 N
 1.525951351  13  2  13 N
 1.549162100  13  3  13 N
 1.576423741  13  4  13 N
 1.608698060  13  5  13 N
 1.621793793  13  6  13 N
 1.668321192  13  7  13 N
 1.712705234  13  8  13 N
 1.725084709  13  9  13 N
 1.769279227  13  10  13 N
 1.791237073  13  11  13 N
 1.834544457  13  12  13 N
 1.876261169  13  13  13 N
 1.890914789  13  14  13 N
 1.927560095  13  0  13 N
 1.972830054  13  1  13 N
 1.994999418  13  2  13 N
 2.010433612  13  3  13 N
 2.032294647  13  4  13 N
 2.061437579  13  5  13 N
 2.108728664  13  6  13 N
 2.124938428  13  7  13 N
 2.187807993  13  8  13 N
 2.234195776  13  9  13 N
 2.251228707  13  10  13 N
 2.298248108  13  11  13 N
 2.316825228  13  12  13 N
 2.332193647  13  13  13 N
 2.360306817  13  14  13 N
 2.384732448  13  0  13 N
 2.429777185  13  1  13 N
 2.448470517  13  2  13 N
 2.477833782  13  3  13 N
 2.517805155  13  4  13 N
 2.540401338  13  5  13 N
 2.566779602  13  6  13 N
 2.611707031  13  7  13 N
 2.648236893  13  8  13 N
 2.661608749  13  9  13 N
 2.709809768  13  10  13 N
 2.757150446  13  11  13 N
 2.799634774  13  12  13 N
 2.848210454  13  13  13 N
 2.865046440  13  14  13 N
 2.895111794  13  0  13 N
 2.906536926  13  1  13 N
 2.929783357  13  2  13 N
 2.952639613  13  3  13 N
 2.963671108  13  4  13 N
 0.000994103  9  9  9 J
 0.018751931  9  8  9 J
 0.037516239  9  7  9 J
 0.062285530  9  6  9 J
 0.078396681  9  5  9 J
 0.114090770  9  4  9 J
 0.160552477  9  3  9 J
 0.205273660  9  2  9 J
 0.219009030  9  1  9 J
 0.231720608  9  0  9 J
 0.253784646  9  14  9 J
 0.289027350  9  13  9 J
 0.337663974  9  12  9 J
 0.368686370  9  11  9 J
 0.419321026  9  10  9 J
 0.464028212  9  9  9 J
 0.510901716  9  8  9 J
 0.550197734  9  7  9 J
 0.598571986  9  6  9 J
 0.633476423  9  5  9 J
 0.703856413  9  4  9 J
 0.744134792  9  3  9 J
 0.763507222  9  2  9 J
 0.786805135  9  1  9 J
 0.828709732  9  0  9 J
 0.864621207  9  14  9 J
 0.893159833  9  13  9 J
 0.940862561  9  12  9 J
 0.988500248  9  11  9 J
 1.026753791  9  10  9 J
 1.069235851  9  9  9 J
 1.104435221  9  8  9 J
 1.146780431  9  7  9 J
 1.194440672  9  6  9 J
 1.234575820  9  5  9 J
 1.267106417  9  4  9 J
 1.279670021  9  3  9 J
 1.328615747  9  2  9 J
 1.365846899  9  1  9 J
 1.381435984  9  0  9 J
 1.401921425  9  14  9 J
 1.431901842  9  13  9 J
 1.481506523  9  12  9 J
 1.526211035  9  11  9 J
 1.547369068  9  10  9 J
 1.560095497  9  9  9 J
 1.577393895  9  8  9 J
 1.590234475  9  7  9 J
 1.618101228  9  6  9 J
 1.665260307  9  5  9 J
 1.710945346  9  4  9 J
 1.728724645  9  3  9 J
 1.763654719  9  2  9 J
 1.782686527  9  1  9 J
 1.815383917  9  0  9 J
 1.839778452  9  14  9 J
 1.870434205  9  13  9 J
 1.890474299  9  12  9 J
 1.919202106  9  11  9 J
 1.963000210  9  10  9 J
 1.982911661  9  9  9 J
 2.023689867  9  8  9 J
 2.060423023  9  7  9 J
 2.105511670  9  6  9 J
 2.143520319  9  5  9 J
 2.155543697  9  4  9 J
 2.182993060  9  3  9 J
 2.207152553  9  2  9 J
 2.222579197  9  1  9 J
 2.266863229  9  0  9 J
 2.312372746  9  14  9 J
 2.356372405  9  13  9 J
 2.388386835  9  12  9 J
 2.422948168  9  11  9 J
 2.472508874  9  10  9 J
 2.502369037  9  9  9 J
 2.521916778  9  8  9 J
 2.535075584  9  7  9 J
 2.573146559  9  6  9 J
 2.591132993  9  5  9 J
 2.638307462  9  4  9 J
 2.659754470  9  3  9 J
 2.671321098  9  2  9 J
 2.702786794  9  1  9 J
 2.731937180  9  0  9 J
 2.747276182  9  14  9 J
 2.786815172  9  13  9 J
 2.800986891  9  12  9 J
 2.823810665  9  11  9 J
 2.841874137  9  10  9 J
 2.887678647  9  9  9 J
 2.917841169  9  8  9 J
 2.948444811  9  7  9 J
 2.962234342  9  6  9 J
 3.009074067  9  5  9 J
 3.041970526  9  4  9 J
 3.059736836  9  3  9 J
 3.098736706  9  2  9 J
