-1 15 15 15
0.000386 0 9 5 N
0.000456 1 5 14 A
0.000462 3 9 14 O
0.000467 2 11 0 D
0.000471 8 12 2 U
0.000476 5 11 2 I
0.000480 6 3 1 E
0.000485 7 3 8 K
0.000489 11 1 3 Z
0.000494 9 6 14 Ń
0.000499 10 12 9 C
0.000503 4 6 8 P
0.000507 13 6 4 Ś
0.000511 12 1 7 0
0.000515 14 8 7 Ć
0.121597 14 8 8 Ć
0.147456 0 10 5 N
0.194522 12 1 6 0
0.194559 5 11 3 I
0.245160 8 13 2 U
0.252379 4 7 8 P
0.283658 14 8 9 Ć
0.293559 11 0 3 Z
0.295787 10 12 8 C
0.309515 0 10 4 N
0.309542 2 11 1 D
0.317381 3 10 14 O
0.331542 6 2 1 E
0.392543 1 5 0 A
0.399291 9 6 0 Ń
0.411564 13 6 3 Ś
0.420837 10 12 7 C
0.470179 7 4 8 K
0.475241 14 8 8 Ć
0.517372 9 6 1 Ń
0.567589 1 5 14 A
0.641638 5 12 3 I
0.660200 8 12 2 U
0.660602 6 2 0 E
0.661509 3 10 0 O
0.684884 10 13 7 C
0.687872 12 1 7 0
0.694284 2 12 1 D
0.718583 11 0 4 Z
0.722869 4 7 7 P
0.729332 7 4 9 K
0.729346 1 5 13 A
0.805570 0 10 5 N
0.811010 9 6 0 Ń
0.813910 13 6 2 Ś
0.839250 8 11 2 U
0.859905 10 13 8 C
0.871279 14 8 9 Ć
0.896468 1 5 14 A
0.907280 4 8 7 P
0.907382 11 0 5 Z
0.928460 6 1 0 E
0.976019 12 0 7 0
1.027587 1 6 14 A
1.035910 13 5 2 Ś
1.037724 7 3 9 K
1.045649 2 12 2 D
1.066633 3 9 0 O
1.067446 14 9 9 Ć
1.101731 5 13 3 I
1.109221 0 10 4 N
1.113001 6 2 0 E
1.164125 12 1 7 0
1.233851 14 8 9 Ć
1.240032 11 0 4 Z
1.240165 8 11 1 U
1.253489 13 6 2 Ś
1.262376 10 13 9 C
1.266274 5 13 2 I
1.297237 9 5 0 Ń
1.306737 2 11 2 D
1.338417 4 8 8 P
1.375695 1 5 14 A
1.506827 7 3 8 K
1.527326 8 12 1 U
1.552632 9 5 1 Ń
1.556082 3 8 0 O
1.556422 5 14 2 I
1.572303 0 11 4 N
1.575958 13 6 3 Ś
1.585104 6 1 0 E
1.625221 12 1 6 0
1.653923 14 8 10 Ć
1.671960 2 10 2 D
1.683646 8 12 2 U
1.686764 10 13 10 C
1.695443 13 6 2 Ś
1.708254 11 1 4 Z
1.735593 0 10 4 N
1.743002 6 2 0 E
1.757242 12 1 5 0
1.757357 7 2 8 K
1.766790 1 5 13 A
1.792925 4 7 8 P
1.857135 2 10 1 D
1.867136 14 7 10 Ć
1.873339 0 9 4 N
1.897568 13 6 1 Ś
1.923252 9 4 1 Ń
1.932229 10 13 11 C
1.960628 5 0 2 I
1.976336 11 2 4 Z
2.010700 13 6 2 Ś
2.022176 6 3 0 E
2.039141 3 8 14 O
2.078374 9 4 0 Ń
2.114735 8 11 2 U
2.119785 14 6 10 Ć
2.143339 12 1 6 0
2.149031 0 8 4 N
2.156284 7 3 8 K
2.166412 2 10 0 D
2.210919 1 6 13 A
2.272140 10 12 11 C
2.272259 4 8 8 P
2.298883 9 4 1 Ń
2.319893 14 6 11 Ć
2.324561 7 4 8 K
2.363307 3 8 13 O
2.372417 11 3 4 Z
2.420264 13 7 2 Ś
2.427967 0 8 5 N
2.431034 5 1 2 I
2.445145 6 4 0 E
2.476979 9 5 1 Ń
2.552461 12 2 6 0
2.567048 2 10 14 D
2.571140 8 12 2 U
2.583007 5 2 2 I
2.591102 6 4 14 E
2.600341 4 8 9 P
2.626132 0 9 5 N
2.636043 1 6 14 A
2.642142 11 3 5 Z
2.650210 13 7 1 Ś
2.657573 10 12 10 C
2.661361 14 5 11 Ć
2.677560 12 3 6 0
2.693043 5 2 1 I
2.696483 2 10 0 D
2.729669 7 4 9 K
2.740041 9 4 1 Ń
2.761262 13 7 2 Ś
2.800641 12 4 6 0
2.806489 3 8 12 O
2.889737 10 12 11 C
2.909458 3 7 12 O
2.918179 11 3 6 Z
2.937247 0 10 5 N
2.984356 6 4 13 E
3.053181 1 6 13 A
3.061834 8 12 1 U
3.071452 4 7 9 P
3.075166 7 4 10 K
3.087341 13 7 3 Ś
3.090852 14 5 10 Ć
3.115424 6 3 13 E
3.124402 11 3 7 Z
3.137114 5 3 1 I
3.147182 9 5 1 Ń
3.152072 2 10 14 D
3.152740 12 4 5 0
3.153367 0 11 5 N
3.218956 14 5 9 Ć
3.287299 9 6 1 Ń
3.312933 8 12 0 U
3.334491 13 6 3 Ś
3.347815 10 12 10 C
3.362183 5 4 1 I
3.370168 3 7 13 O
3.384832 12 4 6 0
3.417272 7 3 10 K
3.434177 2 11 14 D
3.435626 11 3 8 Z
3.440025 4 6 9 P
3.486289 5 4 0 I
3.486409 14 5 8 Ć
3.535786 1 6 14 A
3.543952 10 11 10 C
3.557559 7 4 10 K
3.603078 12 3 6 0
3.653137 8 12 14 U
3.665703 11 2 8 Z
3.668367 4 6 10 P
3.694252 13 6 2 Ś
3.702230 9 7 1 Ń
3.702294 5 3 0 I
3.705498 12 2 6 0
3.796290 3 8 13 O
3.838492 4 5 10 P
3.861671 10 10 10 C
3.862302 2 11 13 D
3.888535 14 6 8 Ć
3.916350 9 7 0 Ń
3.953817 11 2 7 Z
3.996650 12 1 6 0
4.003408 7 4 11 K
4.016859 1 7 14 A
4.059234 8 12 0 U
4.079730 5 3 14 I
4.125573 9 8 0 Ń
4.130911 13 7 2 Ś
4.145238 3 9 13 O
4.171695 14 6 9 Ć
4.195769 4 5 11 P
4.206729 10 10 9 C
4.282976 11 2 6 Z
4.287950 2 11 12 D
4.297751 14 6 10 Ć
4.322502 13 8 2 Ś
4.366561 10 10 10 C
4.404510 7 3 11 K
4.430818 5 2 14 I
4.440585 13 8 3 Ś
4.443098 14 6 11 Ć
4.450098 3 9 12 O
4.460929 1 7 13 A
4.478656 10 9 10 C
4.486887 12 1 5 0
4.487053 2 10 12 D
4.496845 4 5 10 P
4.520342 8 11 0 U
4.524042 9 8 14 Ń
4.560071 11 2 7 Z
4.572937 5 2 13 I
4.716934 4 5 9 P
4.727429 8 12 0 U
4.771987 12 0 5 0
4.784448 11 2 6 Z
4.786222 1 6 13 A
4.800716 10 8 10 C
4.820621 7 3 12 K
4.831437 13 7 3 Ś
4.906068 5 1 13 I
4.932791 3 8 12 O
4.967132 2 9 12 D
5.010135 9 8 0 Ń
5.093751 8 12 1 U
5.093837 3 8 13 O
5.136177 2 8 12 D
5.139319 4 5 8 P
5.153492 11 3 6 Z
5.206309 12 14 5 0
5.206353 1 6 14 A
5.251498 13 7 2 Ś
5.265876 10 8 11 C
5.268146 3 9 13 O
5.303125 5 2 13 I
5.311652 7 4 12 K
5.406709 9 8 1 Ń
5.422626 13 8 2 Ś
5.436430 4 6 8 P
5.447475 1 5 14 A
5.454591 8 13 1 U
5.515592 11 4 6 Z
5.525948 5 2 14 I
5.554124 2 9 12 D
5.582230 3 8 13 O
5.589575 9 9 1 Ń
5.614431 12 0 5 0
5.620298 8 12 1 U
5.623260 10 7 11 C
5.649793 7 4 11 K
5.661557 1 6 14 A
5.666204 13 8 3 Ś
5.698192 4 6 9 P
5.745850 11 3 6 Z
5.762642 5 2 13 I
5.763371 3 7 13 O
5.863672 9 10 1 Ń
5.872150 1 6 0 A
5.872240 4 6 10 P
5.873412 10 7 12 C
5.901463 2 9 11 D
5.911368 8 12 2 U
5.949328 13 8 2 Ś
5.993814 5 2 14 I
6.044288 1 6 14 A
6.046764 10 7 11 C
6.063546 12 0 6 0
6.074449 8 12 3 U
6.084920 7 4 12 K
6.113312 4 5 10 P
6.147377 1 7 14 A
6.171437 3 7 12 O
6.179425 2 8 11 D
6.201385 13 7 2 Ś
6.215943 11 2 6 Z
6.234764 9 10 2 Ń
6.236991 12 1 6 0
6.258663 1 8 14 A
6.329499 13 7 1 Ś
6.329563 8 12 2 U
6.351859 10 7 10 C
6.401272 12 0 6 0
6.424034 11 2 7 Z
6.430774 7 3 12 K
6.432989 1 7 14 A
6.456734 9 11 2 Ń
6.489916 5 2 13 I
6.490437 4 5 11 P
6.506512 10 7 11 C
6.535947 3 8 12 O
6.588594 13 6 1 Ś
6.600966 2 9 11 D
6.641016 5 2 14 I
6.668150 11 1 7 Z
6.682829 1 8 14 A
6.708643 8 12 1 U
6.716432 10 7 12 C
6.731501 4 5 10 P
6.830397 3 8 13 O
6.840384 12 1 6 0
6.851240 11 0 7 Z
6.930899 7 3 11 K
6.934016 13 7 1 Ś
6.937143 9 11 1 Ń
6.962511 2 9 10 D
6.978628 4 5 9 P
7.000943 1 7 14 A
7.009407 12 1 7 0
7.065141 10 8 12 C
7.070217 2 10 10 D
7.071207 5 2 0 I
7.103119 11 0 6 Z
7.185970 8 12 2 U
7.251507 3 8 14 O
7.265292 2 10 9 D
7.290029 5 2 1 I
7.292376 13 7 0 Ś
7.301190 10 8 11 C
7.311827 4 6 9 P
7.335018 1 7 13 A
7.341693 7 4 11 K
7.379618 2 9 9 D
7.423143 5 2 2 I
7.431082 9 12 1 Ń
7.441294 12 1 6 0
7.444632 10 8 10 C
7.471299 13 6 0 Ś
7.520132 4 7 9 P
7.527422 3 8 0 O
7.541274 11 0 7 Z
7.564178 9 12 0 Ń
7.625747 2 9 10 D
7.625855 7 4 10 K
7.676087 8 13 2 U
7.686777 9 11 0 Ń
7.698744 10 7 10 C
7.707012 1 7 14 A
7.709657 13 7 0 Ś
7.721381 3 8 14 O
7.805832 9 10 0 Ń
7.807568 11 1 7 Z
7.833807 10 6 10 C
7.843095 1 6 14 A
7.893250 4 7 8 P
7.915221 5 1 2 I
7.934959 7 4 11 K
7.958853 10 5 10 C
7.959913 2 9 9 D
7.972630 11 0 7 Z
8.011470 3 7 14 O
8.108241 8 14 2 U
8.125585 3 8 14 O
8.127466 5 1 3 I
8.156162 1 7 14 A
8.167719 13 6 0 Ś
8.201909 9 10 14 Ń
8.270159 11 0 6 Z
8.276559 1 6 14 A
8.312067 4 6 8 P
8.315374 7 4 10 K
8.353151 9 10 13 Ń
8.367999 2 8 9 D
8.395116 8 0 2 U
8.413568 5 1 4 I
8.428960 10 6 10 C
8.450668 1 7 14 A
8.461928 13 5 0 Ś
8.501237 9 11 13 Ń
8.539689 3 8 13 O
8.569151 4 6 7 P
8.620222 2 8 10 D
8.653262 11 0 7 Z
8.718454 7 4 9 K
8.770815 1 7 13 A
8.773072 3 8 12 O
8.790823 10 6 9 C
8.792278 13 6 0 Ś
8.807630 5 1 5 I
8.822296 9 10 13 Ń
8.831186 4 7 7 P
8.848509 8 1 2 U
8.879162 11 0 6 Z
8.924580 7 4 10 K
8.935416 2 9 10 D
9.091535 2 10 10 D
9.135312 4 7 6 P
9.148612 8 2 2 U
9.149200 3 9 12 O
9.206789 13 6 14 Ś
9.225941 10 7 9 C
9.235389 11 0 7 Z
9.235482 9 10 12 Ń
9.256291 3 8 12 O
9.271644 4 6 6 P
9.271826 5 1 4 I
9.373189 4 6 5 P
9.377072 2 10 9 D
9.382890 9 10 13 Ń
9.400343 3 8 13 O
9.419705 8 1 2 U
9.522901 9 10 12 Ń
9.542998 5 1 3 I
9.552150 2 10 8 D
9.568064 10 8 9 C
9.673414 13 6 0 Ś
9.733392 11 14 7 Z
9.775245 5 0 3 I
9.803590 4 7 5 P
9.844984 9 10 11 Ń
9.869773 8 0 2 U
9.875913 2 9 8 D
9.895462 3 9 13 O
9.961173 10 9 9 C
10.031395 5 0 4 I
10.031888 8 0 1 U
10.088589 13 5 0 Ś
10.103570 9 10 10 Ń
10.103685 4 8 5 P
10.209457 10 10 9 C
10.225491 11 13 7 Z
10.269551 3 8 13 O
10.280983 8 0 2 U
10.361612 11 14 7 Z
10.372166 2 9 9 D
10.454796 5 0 3 I
10.473822 4 8 4 P
10.512718 13 6 0 Ś
10.533558 2 9 10 D
10.533592 9 10 11 Ń
10.598931 10 9 9 C
10.599068 4 7 4 P
10.617927 5 0 4 I
10.699701 13 7 0 Ś
10.715653 9 9 11 Ń
10.716094 8 1 2 U
10.765686 3 8 12 O
10.807673 2 8 10 D
10.818611 9 10 11 Ń
10.827135 8 2 2 U
10.827254 4 6 4 P
10.851693 11 13 7 Z
10.932814 13 6 0 Ś
10.978363 10 9 10 C
10.993794 4 6 5 P
11.019663 11 13 6 Z
11.060874 13 5 0 Ś
11.087031 5 1 4 I
11.119775 2 8 11 D
11.186253 8 3 2 U
11.211783 3 9 12 O
11.279423 10 8 10 C
11.313704 9 10 10 Ń
11.354950 2 7 11 D
11.366960 13 4 0 Ś
11.431168 5 0 4 I
11.446264 11 14 6 Z
11.468883 4 5 5 P
11.491086 2 7 10 D
11.507356 8 3 1 U
11.596361 11 14 5 Z
11.606910 3 10 12 O
11.633176 9 10 11 Ń
11.726206 2 6 10 D
11.739545 10 9 10 C
11.758232 5 0 5 I
11.840268 2 5 10 D
11.842163 4 5 4 P
11.860944 13 4 1 Ś
11.955485 11 14 4 Z
11.994471 8 3 0 U
12.014259 4 5 5 P
12.027672 10 10 10 C
12.072018 3 9 12 O
12.073381 9 9 11 Ń
12.103040 5 0 4 I
12.103134 13 3 1 Ś
12.135346 2 6 10 D
12.191755 10 10 11 C
12.226586 8 3 14 U
12.320873 4 6 5 P
12.341773 9 9 10 Ń
12.356712 3 9 11 O
12.394844 10 10 12 C
12.436806 11 14 5 Z
12.529651 5 0 5 I
12.532114 9 9 9 Ń
12.575300 13 4 1 Ś
12.632475 2 5 10 D
12.716993 10 11 12 C
12.717861 8 3 0 U
12.732199 11 13 5 Z
12.759990 4 6 4 P
12.818866 13 5 1 Ś
12.833749 8 4 0 U
12.833789 3 10 11 O
12.903690 5 1 5 I
12.915106 4 6 3 P
12.926557 2 6 10 D
12.958921 3 10 12 O
12.981737 13 5 0 Ś
12.982220 9 9 8 Ń
13.027852 8 3 0 U
13.096440 2 6 9 D
13.101872 11 14 5 Z
13.170134 10 12 12 C
13.179168 4 5 3 P
13.212832 13 5 1 Ś
13.303047 3 11 12 O
13.323154 9 9 9 Ń
13.337010 13 5 2 Ś
13.340274 8 4 0 U
13.388798 5 2 5 I
13.442317 4 4 3 P
13.524356 2 5 9 D
13.567216 9 9 8 Ń
13.596107 11 14 6 Z
13.605064 10 12 13 C
13.631091 4 4 4 P
13.631194 13 4 2 Ś
13.635605 3 11 13 O
13.677843 5 3 5 I
13.734239 13 4 3 Ś
13.748342 4 4 5 P
13.771148 8 5 0 U
13.771261 10 12 12 C
13.833406 2 5 8 D
13.877916 8 5 14 U
13.923382 9 9 9 Ń
13.933334 10 13 12 C
13.973863 2 5 9 D
14.071782 3 12 13 O
14.110333 13 3 3 Ś
14.127404 10 13 13 C
14.134208 4 5 5 P
14.154981 2 5 8 D
14.166912 5 4 5 I
14.167020 8 4 14 U
14.261939 4 5 4 P
14.271857 3 12 12 O
14.329067 2 6 8 D
14.374610 5 4 6 I
14.408431 9 9 8 Ń
14.432457 10 13 12 C
14.472182 8 4 13 U
14.507270 13 2 3 Ś
14.517045 4 5 5 P
14.588574 10 13 11 C
14.619068 3 12 13 O
14.641702 5 4 7 I
14.696502 9 9 9 Ń
14.721145 3 13 13 O
14.725853 13 1 3 Ś
14.740718 10 12 11 C
14.813284 8 5 13 U
14.813802 5 5 7 I
14.814202 2 7 8 D
14.888623 9 10 9 Ń
14.895985 4 5 6 P
15.017688 10 11 11 C
15.060091 13 0 3 Ś
15.085955 4 5 5 P
15.098326 3 12 13 O
15.104155 9 9 9 Ń
15.194736 10 11 10 C
15.194785 5 5 8 I
15.216588 9 8 9 Ń
15.278360 8 5 12 U
15.305715 2 7 7 D
15.315825 5 5 7 I
15.438675 9 8 10 Ń
15.457103 3 13 13 O
15.457231 13 1 3 Ś
15.483035 4 6 5 P
15.530523 8 5 13 U
15.675816 8 4 13 U
15.684465 10 10 10 C
15.728172 2 7 6 D
15.732180 5 4 7 I
15.828003 9 8 9 Ń
15.888233 3 13 14 O
15.947169 4 6 4 P
15.947252 13 1 4 Ś
15.985600 10 9 10 C
16.020244 9 7 9 Ń
16.096361 13 2 4 Ś
16.107846 8 4 12 U
16.155676 10 8 10 C
16.171219 5 5 7 I
16.172403 9 7 10 Ń
16.219204 2 7 7 D
16.254958 8 3 12 U
16.261034 3 13 0 O
16.314425 4 7 4 P
16.356300 2 6 7 D
16.398310 5 4 7 I
16.481429 13 2 3 Ś
16.494007 8 2 12 U
16.507445 2 5 7 D
16.545223 10 9 10 C
16.623531 9 8 10 Ń
16.706101 3 13 1 O
16.755377 5 3 7 I
16.760101 9 8 11 Ń
16.760489 4 6 4 P
16.796259 10 8 10 C
16.886549 4 7 4 P
16.898477 2 4 7 D
16.903706 9 9 11 Ń
16.914463 13 3 3 Ś
16.930276 10 8 11 C
16.948050 8 2 11 U
17.040288 3 14 1 O
17.057790 9 9 10 Ń
17.121233 8 2 12 U
17.143597 3 14 0 O
17.188468 5 3 8 I
17.234476 10 8 10 C
17.240690 8 1 12 U
17.250234 9 10 10 Ń
17.297561 2 4 8 D
17.299693 4 6 4 P
17.335596 13 3 2 Ś
17.393991 8 1 11 U
17.456783 4 6 3 P
17.480519 10 8 11 C
17.491662 3 13 0 O
17.549543 5 2 8 I
17.596642 2 3 8 D
17.665087 8 2 11 U
17.676663 13 3 1 Ś
17.745113 9 10 9 Ń
17.773727 2 3 9 D
17.840839 4 7 3 P
17.908623 5 1 8 I
17.918700 3 13 1 O
17.943582 10 8 10 C
17.976759 13 3 0 Ś
18.035900 3 13 0 O
18.074006 5 1 7 I
18.079166 2 3 8 D
18.104491 8 2 10 U
18.171318 9 10 10 Ń
18.194138 5 1 8 I
18.271823 13 3 14 Ś
18.309967 3 12 0 O
18.322889 4 7 2 P
18.403662 10 7 10 C
18.411938 5 1 9 I
18.433050 3 12 1 O
18.499990 13 2 14 Ś
18.547040 5 2 9 I
18.566533 2 4 8 D
18.581545 8 2 11 U
18.584739 9 10 9 Ń
18.667616 10 7 9 C
18.715808 4 6 2 P
18.755732 8 1 11 U
18.819117 13 2 13 Ś
18.837653 2 4 9 D
18.875818 3 11 1 O
18.931725 10 8 9 C
18.956986 4 7 2 P
18.991293 13 2 12 Ś
19.069792 3 11 0 O
19.069952 2 3 9 D
19.084049 10 8 8 C
19.223451 2 3 8 D
19.235806 4 7 3 P
19.249139 13 1 12 Ś
19.318867 3 10 0 O
19.371185 10 9 8 C
19.471927 4 7 2 P
19.540060 3 11 0 O
19.571596 2 2 8 D
19.616225 13 0 12 Ś
19.783382 10 9 9 C
19.858509 4 6 2 P
19.874135 3 12 0 O
20.040366 3 11 0 O
20.046310 2 3 8 D
20.108333 13 0 11 Ś
20.212484 10 8 9 C
20.320661 4 6 1 P
20.360473 2 3 9 D
20.360686 3 12 0 O
20.500544 2 3 8 D
20.503777 13 14 11 Ś
20.545788 3 12 1 O
20.683568 10 7 9 C
20.692902 13 14 10 Ś
20.831721 10 6 9 C
20.901611 2 2 8 D
21.045646 3 12 0 O
21.096769 2 2 7 D
21.182684 13 13 10 Ś
21.205864 2 1 7 D
21.315878 10 7 9 C
21.528074 3 12 14 O
21.593743 13 13 9 Ś
21.650099 3 13 14 O
21.697904 2 0 7 D
21.784915 10 7 8 C
21.924172 3 12 14 O
21.937780 13 14 9 Ś
22.006968 2 0 6 D
22.124304 10 8 8 C
22.192276 3 12 0 O
22.262914 13 13 9 Ś
22.360344 3 13 0 O
22.370950 13 14 9 Ś
22.384004 2 0 7 D
22.548098 13 14 10 Ś
22.554064 3 14 0 O
22.594431 10 9 8 C
22.656144 13 14 9 Ś
22.768464 10 8 8 C
22.865043 2 1 7 D
22.911149 3 14 14 O
23.038221 13 13 9 Ś
23.079176 3 13 14 O
23.124084 2 1 8 D
23.145527 10 7 8 C
23.298560 10 7 9 C
23.309210 3 13 13 O
23.343261 13 14 9 Ś
23.446311 13 13 9 Ś
23.462238 3 13 12 O
23.484597 10 6 9 C
23.486308 2 1 7 D
23.693719 10 5 9 C
23.730400 13 13 10 Ś
23.830315 3 13 11 O
23.830840 10 4 9 C
23.875274 13 14 10 Ś
24.022388 3 12 11 O
24.093167 10 5 9 C
24.342412 13 14 9 Ś
24.418057 3 11 11 O
24.519413 10 6 9 C
24.568493 13 14 8 Ś
24.892110 3 12 11 O
24.980481 10 7 9 C
24.996697 13 14 7 Ś
25.065973 3 12 12 O
25.274285 10 6 9 C
25.451767 13 14 8 Ś
25.519597 3 12 11 O
25.714655 3 13 11 O
25.746336 13 0 8 Ś
25.771469 10 6 10 C
25.996588 10 5 10 C
26.007846 3 12 11 O
26.109646 10 5 11 C
26.219984 10 5 10 C
26.230316 13 1 8 Ś
26.350026 3 13 11 O
26.622068 10 6 10 C
26.661453 13 1 9 Ś
26.900581 13 1 8 Ś
26.990205 10 6 9 C
27.086634 13 0 8 Ś
27.255310 10 6 10 C
27.367238 13 0 7 Ś
27.513474 10 7 10 C
27.717850 13 0 8 Ś
27.867743 10 8 10 C
28.020841 10 7 10 C
28.128896 10 7 9 C
28.137937 13 1 8 Ś
28.286162 13 1 9 Ś
28.524354 13 1 8 Ś
28.608825 10 6 9 C
