-1  15  15  15
 0.000714552  3  3  3 D
 0.035541729  3  4  3 D
 0.069064905  3  5  3 D
 0.086926917  3  6  3 D
 0.108668655  3  7  3 D
 0.146230223  3  8  3 D
 0.170592920  3  9  3 D
 0.214704468  3  10  3 D
 0.225087439  3  11  3 D
 0.259218339  3  12  3 D
 0.290797969  3  13  3 D
 0.318923199  3  14  3 D
 0.337092674  3  0  3 D
 0.357569283  3  1  3 D
 0.375503122  3  2  3 D
 0.000944958  13  13  13 N
 0.026042723  13  12  13 N
 0.054368866  13  11  13 N
 0.066286740  13  10  13 N
 0.085970674  13  9  13 N
 0.157629627  13  8  13 N
 0.189661887  13  7  13 N
 0.201472713  13  6  13 N
 0.225964357  13  5  13 N
 0.261688438  13  4  13 N
 0.300895233  13  3  13 N
 0.333902025  13  2  13 N
 0.371093723  13  1  13 N
 0.414218655  13  0  13 N
 0.448283479  13  14  13 N
 0.472474648  13  13  13 N
 0.496447612  13  12  13 N
 0.538675548  13  11  13 N
 0.560135669  13  10  13 N
 0.586105270  13  9  13 N
 0.605993062  13  8  13 N
 0.646694131  13  7  13 N
 0.675748936  13  6  13 N
 0.717983432  13  5  13 N
 0.000894947  11  11  11 L
 0.028063572  11  12  11 L
 0.039332777  11  13  11 L
 0.058931084  11  14  11 L
 0.126952780  11  0  11 L
 0.172085123  11  1  11 L
 0.187097633  11  2  11 L
 0.205642378  11  3  11 L
 0.240954759  11  4  11 L
 0.288706935  11  5  11 L
 0.332952877  11  6  11 L
 0.376641964  11  7  11 L
 0.420296383  11  8  11 L
 0.454305892  11  9  11 L
 0.483948528  11  10  11 L
 0.510405138  11  11  11 L
 0.542305637  11  12  11 L
 0.582527614  11  13  11 L
 0.598411480  11  14  11 L
 0.635839682  11  0  11 L
 0.683761215  11  1  11 L
 0.723070168  11  2  11 L
 0.753158614  11  3  11 L
 0.791923733  11  4  11 L
 0.814283760  11  5  11 L
 0.840760731  11  6  11 L
 0.000691136  2  2  2 C
 0.011548095  2  2  3 C
 0.051575093  2  2  4 C
 0.081186863  2  2  5 C
 0.110061124  2  2  6 C
 0.122639559  2  2  7 C
 0.162886251  2  2  8 C
 0.199120217  2  2  9 C
 0.227915024  2  2  10 C
 0.267356990  2  2  11 C
 0.282422841  2  2  12 C
 0.303786346  2  2  13 C
 0.333888320  2  2  14 C
 0.358397718  2  2  0 C
 0.380162179  2  2  1 C
 0.421143923  2  2  2 C
 0.440355891  2  2  3 C
 0.484942992  2  2  4 C
 0.518257877  2  2  5 C
 0.532594031  2  2  6 C
 0.562190876  2  2  7 C
 0.575248045  2  2  8 C
 0.623145588  2  2  9 C
 0.639793767  2  2  10 C
 0.665636091  2  2  11 C
 0.706654864  2  2  12 C
 0.718464871  2  2  13 C
 0.750742450  2  2  14 C
 0.784289173  2  2  0 C
 0.829794376  2  2  1 C
 0.874844284  2  2  2 C
 0.000805598  7  7  7 H
 0.037288338  7  8  7 H
 0.063641264  7  9  7 H
 0.097745028  7  10  7 H
 0.136420639  7  11  7 H
 0.182270517  7  12  7 H
 0.199210909  7  13  7 H
 0.235813370  7  14  7 H
 0.260664713  7  0  7 H
 0.299714356  7  1  7 H
 0.322539613  7  2  7 H
 0.345883812  7  3  7 H
 0.391043751  7  4  7 H
 0.426850430  7  5  7 H
 0.454052892  7  6  7 H
 0.497545525  7  7  7 H
 0.543638197  7  8  7 H
 0.556701720  7  9  7 H
 0.602175359  7  10  7 H
 0.640431711  7  11  7 H
 0.688779590  7  12  7 H
 0.736963244  7  13  7 H
 0.773880820  7  14  7 H
 0.811402100  7  0  7 H
 0.852009606  7  1  7 H
 0.867415668  7  2  7 H
 0.912234116  7  3  7 H
 0.000639665  0  0  0 A
 0.011767196  0  0  14 A
 0.058456526  0  0  13 A
 0.069437386  0  0  12 A
 0.086473512  0  0  11 A
 0.126945134  0  0  10 A
 0.163930368  0  0  9 A
 0.197778538  0  0  8 A
 0.216403019  0  0  7 A
 0.260645089  0  0  6 A
 0.272137157  0  0  5 A
 0.315120721  0  0  4 A
 0.357576705  0  0  3 A
 0.399639378  0  0  2 A
 0.415911578  0  0  1 A
 0.426062891  0  0  0 A
 0.465718677  0  0  14 A
 0.479032817  0  0  13 A
 0.502709072  0  0  12 A
 0.513137734  0  0  11 A
 0.545121715  0  0  10 A
 0.571132000  0  0  9 A
 0.603691883  0  0  8 A
 0.616769021  0  0  7 A
 0.630346310  0  0  6 A
 0.676055077  0  0  5 A
 0.717987906  0  0  4 A
 0.728587643  0  0  3 A
 0.769325048  0  0  2 A
 0.803210459  0  0  1 A
 0.839532214  0  0  0 A
 0.878862757  0  0  14 A
 0.898657941  0  0  13 A
 0.944123516  0  0  12 A
 0.955974516  0  0  11 A
 0.971685915  0  0  10 A
 1.001335663  0  0  9 A
 1.025342240  0  0  8 A
 1.075258024  0  0  7 A
 1.094383282  0  0  6 A
 1.127074505  0  0  5 A
 1.151371651  0  0  4 A
 1.174649544  0  0  3 A
 1.192305841  0  0  2 A
 1.217287115  0  0  1 A
 1.249016868  0  0  0 A
 1.285854773  0  0  14 A
 1.335400100  0  0  13 A
 1.351279970  0  0  12 A
 1.377402484  0  0  11 A
 1.423508757  0  0  10 A
 1.455496186  0  0  9 A
 1.498466955  0  0  8 A
 0.000967486  14  14  14 O
 0.029803518  14  14  0 O
 0.049637342  14  14  1 O
 0.087813759  14  14  2 O
 0.107185031  14  14  3 O
 0.148540437  14  14  4 O
 0.160026867  14  14  5 O
 0.204554594  14  14  6 O
 0.260671175  14  14  7 O
 0.284047138  14  14  8 O
 0.328882133  14  14  9 O
 0.365929046  14  14  10 O
 0.406143672  14  14  11 O
 0.455493126  14  14  12 O
 0.482738926  14  14  13 O
 0.527286843  14  14  14 O
 0.539274303  14  14  0 O
 0.577006680  14  14  1 O
 0.603223611  14  14  2 O
 0.632049175  14  14  3 O
 0.680848853  14  14  4 O
 0.737558992  14  14  5 O
 0.778243607  14  14  6 O
 0.811407417  14  14  7 O
 0.837778452  14  14  8 O
 0.887175547  14  14  9 O
 0.928400194  14  14  10 O
 0.965202668  14  14  11 O
 0.981759294  14  14  12 O
 0.998676471  14  14  13 O
 1.030477579  14  14  14 O
 1.067448564  14  14  0 O
 1.096211076  14  14  1 O
 1.108719860  14  14  2 O
 1.120696806  14  14  3 O
 1.158004080  14  14  4 O
 1.211682068  14  14  5 O
 1.241454428  14  14  6 O
 1.280776124  14  14  7 O
 1.308936238  14  14  8 O
 1.336845519  14  14  9 O
 1.357292974  14  14  10 O
 1.401334938  14  14  11 O
 1.435932441  14  14  12 O
 1.485939632  14  14  13 O
 1.506486518  14  14  14 O
 1.527902589  14  14  0 O
 1.565535130  14  14  1 O
 1.576675372  14  14  2 O
 1.611069796  14  14  3 O
 1.634733336  14  14  4 O
 1.679745417  14  14  5 O
 1.705599943  14  14  6 O
 1.729276627  14  14  7 O
 1.765856749  14  14  8 O
 0.000872526  10  10  10 K
 0.034286105  10  10  11 K
 0.079211191  10  10  12 K
 0.109990594  10  10  13 K
 0.152459386  10  10  14 K
 0.185131636  10  10  0 K
 0.214364762  10  10  1 K
 0.236887147  10  10  2 K
 0.285459573  10  10  3 K
 0.313657859  10  10  4 K
 0.327957207  10  10  5 K
 0.349914230  10  10  6 K
 0.377491491  10  10  7 K
 0.416693279  10  10  8 K
 0.432605760  10  10  9 K
 0.453752724  10  10  10 K
 0.510412043  10  10  11 K
 0.552502870  10  10  12 K
 0.594464123  10  10  13 K
 0.631721166  10  10  14 K
 0.666253627  10  10  0 K
 0.702895302  10  10  1 K
 0.734080006  10  10  2 K
 0.766768638  10  10  3 K
 0.779712192  10  10  4 K
 0.801726272  10  10  5 K
 0.826651618  10  10  6 K
 0.848009088  10  10  7 K
 0.871976047  10  10  8 K
 0.915062929  10  10  9 K
 0.957199913  10  10  10 K
 0.980951537  10  10  11 K
 1.018862571  10  10  12 K
 1.047366890  10  10  13 K
 1.078173162  10  10  14 K
 1.115516152  10  10  0 K
 1.140352483  10  10  1 K
 1.152160501  10  10  2 K
 1.199715728  10  10  3 K
 1.245805918  10  10  4 K
 1.283061935  10  10  5 K
 1.331900709  10  10  6 K
 1.371029513  10  10  7 K
 1.397664098  10  10  8 K
 1.431720235  10  10  9 K
 1.460077678  10  10  10 K
 1.507460627  10  10  11 K
 1.527508781  10  10  12 K
 1.576856742  10  10  13 K
 1.594039431  10  10  14 K
 1.613702555  10  10  0 K
 1.626396506  10  10  1 K
 1.637702030  10  10  2 K
 1.678035302  10  10  3 K
 1.720181630  10  10  4 K
 1.730282798  10  10  5 K
 1.768837179  10  10  6 K
 1.815858163  10  10  7 K
 0.000781588  6  6  6 G
 0.014861740  6  6  7 G
 0.056750429  6  6  8 G
 0.081071759  6  6  9 G
 0.128177558  6  6  10 G
 0.158716102  6  6  11 G
 0.191994121  6  6  12 G
 0.225974808  6  6  13 G
 0.245944636  6  6  14 G
 0.284445202  6  6  0 G
 0.306445275  6  6  1 G
 0.330789602  6  6  2 G
 0.360614632  6  6  3 G
 0.399133025  6  6  4 G
 0.425485048  6  6  5 G
 0.461807747  6  6  6 G
 0.497552888  6  6  7 G
 0.514578308  6  6  8 G
 0.526186641  6  6  9 G
 0.572484447  6  6  10 G
 0.615910543  6  6  11 G
 0.647825631  6  6  12 G
 0.659389237  6  6  13 G
 0.675743005  6  6  14 G
 0.696395247  6  6  0 G
 0.734315131  6  6  1 G
 0.781455426  6  6  2 G
 0.822469732  6  6  3 G
 0.848517881  6  6  4 G
 0.894663352  6  6  5 G
 0.920058821  6  6  6 G
 0.932197580  6  6  7 G
 0.943115980  6  6  8 G
 0.969980534  6  6  9 G
 1.008781914  6  6  10 G
 1.049045694  6  6  11 G
 1.060524924  6  6  12 G
 1.088017591  6  6  13 G
 1.104902877  6  6  14 G
 1.148997420  6  6  0 G
 1.192635468  6  6  1 G
 1.231711697  6  6  2 G
 1.252139313  6  6  3 G
 1.269215058  6  6  4 G
 1.294187413  6  6  5 G
 1.336156235  6  6  6 G
 1.354239824  6  6  7 G
 1.370361173  6  6  8 G
 1.396260845  6  6  9 G
 1.435736506  6  6  10 G
 1.469667058  6  6  11 G
 1.486112346  6  6  12 G
 1.527698756  6  6  13 G
 1.566942919  6  6  14 G
 1.589703675  6  6  0 G
 1.668864697  6  6  1 G
 1.684132488  6  6  2 G
 1.698125104  6  6  3 G
 1.730726716  6  6  4 G
 1.769222380  6  6  5 G
 1.799662578  6  6  6 G
 1.827446412  6  6  7 G
 1.859724855  6  6  8 G
 1.933200602  6  6  9 G
 1.966344652  6  6  10 G
 1.978771519  6  6  11 G
 2.018379403  6  6  12 G
 2.049949645  6  6  13 G
 2.083990360  6  6  14 G
 2.132297707  6  6  0 G
 2.180342755  6  6  1 G
 2.206943514  6  6  2 G
 0.000827788  8  8  8 I
 0.015811328  8  8  9 I
 0.026200719  8  8  10 I
 0.053463195  8  8  11 I
 0.086542739  8  8  12 I
 0.111718172  8  8  13 I
 0.157618654  8  8  14 I
 0.193369404  8  8  0 I
 0.209503884  8  8  1 I
 0.240959892  8  8  2 I
 0.266828703  8  8  3 I
 0.294915959  8  8  4 I
 0.321949486  8  8  5 I
 0.335875813  8  8  6 I
 0.359668411  8  8  7 I
 0.402034591  8  8  8 I
 0.451072118  8  8  9 I
 0.478806032  8  8  10 I
 0.490602340  8  8  11 I
 0.529167147  8  8  12 I
 0.577872983  8  8  13 I
 0.605985412  8  8  14 I
 0.627480602  8  8  0 I
 0.672886129  8  8  1 I
 0.714288212  8  8  2 I
 0.731377900  8  8  3 I
 0.749493359  8  8  4 I
 0.762497691  8  8  5 I
 0.795945743  8  8  6 I
 0.832141939  8  8  7 I
 0.855280667  8  8  8 I
 0.886366457  8  8  9 I
 0.917724551  8  8  10 I
 0.934936374  8  8  11 I
 0.947801527  8  8  12 I
 0.971195840  8  8  13 I
 1.020599491  8  8  14 I
 1.053624379  8  8  0 I
 1.090709698  8  8  1 I
 1.125295285  8  8  2 I
 1.166154812  8  8  3 I
 1.207220251  8  8  4 I
 1.233377625  8  8  5 I
 1.247523281  8  8  6 I
 1.269456222  8  8  7 I
 1.306814956  8  8  8 I
 1.329191268  8  8  9 I
 1.356711138  8  8  10 I
 1.405216682  8  8  11 I
 1.429194241  8  8  12 I
 1.458120763  8  8  13 I
 1.468316526  8  8  14 I
 1.493223195  8  8  0 I
 1.509890008  8  8  1 I
 1.547397741  8  8  2 I
 1.568122131  8  8  3 I
 1.613029727  8  8  4 I
 1.659696414  8  8  5 I
 1.706085188  8  8  6 I
 1.748127677  8  8  7 I
 1.767549648  8  8  8 I
 1.812946312  8  8  9 I
 1.832490369  8  8  10 I
 1.876814069  8  8  11 I
 1.925334294  8  8  12 I
 1.943923937  8  8  13 I
 1.959589576  8  8  14 I
 1.992366631  8  8  0 I
 2.019411839  8  8  1 I
 2.057310356  8  8  2 I
 2.094924593  8  8  3 I
 2.122656159  8  8  4 I
 2.169115412  8  8  5 I
 2.209800679  8  8  6 I
 2.239301382  8  8  7 I
 2.276928709  8  8  8 I
 2.319214807  8  8  9 I
 2.344004278  8  8  10 I
 2.364437371  8  8  11 I
 0.000759015  5  5  5 F
 0.029493608  5  6  5 F
 0.078592347  5  7  5 F
 0.105639351  5  8  5 F
 0.127504500  5  9  5 F
 0.152480577  5  10  5 F
 0.177701800  5  11  5 F
 0.208531409  5  12  5 F
 0.250012825  5  13  5 F
 0.270628537  5  14  5 F
 0.315154316  5  0  5 F
 0.357611412  5  1  5 F
 0.372264917  5  2  5 F
 0.403090528  5  3  5 F
 0.417057723  5  4  5 F
 0.460313252  5  5  5 F
 0.487430878  5  6  5 F
 0.511907662  5  7  5 F
 0.529008543  5  8  5 F
 0.557253123  5  9  5 F
 0.592458416  5  10  5 F
 0.606404067  5  11  5 F
 0.648318185  5  12  5 F
 0.696301883  5  13  5 F
 0.722321869  5  14  5 F
 0.737552050  5  0  5 F
 0.750125884  5  1  5 F
 0.777737774  5  2  5 F
 0.827781166  5  3  5 F
 0.870305272  5  4  5 F
 0.881735516  5  5  5 F
 0.920070141  5  6  5 F
 0.942534413  5  7  5 F
 0.952836694  5  8  5 F
 0.989640627  5  9  5 F
 1.027142739  5  10  5 F
 1.065245513  5  11  5 F
 1.087049502  5  12  5 F
 1.121040388  5  13  5 F
 1.164018697  5  14  5 F
 1.211675037  5  0  5 F
 1.255063059  5  1  5 F
 1.275413939  5  2  5 F
 1.306872019  5  3  5 F
 1.344330725  5  4  5 F
 1.380161824  5  5  5 F
 1.395820332  5  6  5 F
 1.442645697  5  7  5 F
 1.482072163  5  8  5 F
 1.512784698  5  9  5 F
 1.554758462  5  10  5 F
 1.570743220  5  11  5 F
 1.599407604  5  12  5 F
 1.630787540  5  13  5 F
 1.646084367  5  14  5 F
 1.660725083  5  0  5 F
 1.689909786  5  1  5 F
 1.700204212  5  2  5 F
 1.749118410  5  3  5 F
 1.805922353  5  4  5 F
 1.855027538  5  5  5 F
 1.869734734  5  6  5 F
 1.899281095  5  7  5 F
 1.914172382  5  8  5 F
 1.943182615  5  9  5 F
 1.974589019  5  10  5 F
 2.014165338  5  11  5 F
 2.054777445  5  12  5 F
 2.067294030  5  13  5 F
 2.101272842  5  14  5 F
 2.121095675  5  0  5 F
 2.152580465  5  1  5 F
 2.181399270  5  2  5 F
 2.212503286  5  3  5 F
 2.294879970  5  4  5 F
 2.328875643  5  5  5 F
 2.366868602  5  6  5 F
 0.000850465  9  9  9 J
 0.029855171  9  10  9 J
 0.060692024  9  11  9 J
 0.071734596  9  12  9 J
 0.110438433  9  13  9 J
 0.141211687  9  14  9 J
 0.197825545  9  0  9 J
 0.247580892  9  1  9 J
 0.264535319  9  2  9 J
 0.284448563  9  3  9 J
 0.327959571  9  4  9 J
 0.342586936  9  5  9 J
 0.384322469  9  6  9 J
 0.429915795  9  7  9 J
 0.478818246  9  8  9 J
 0.497727750  9  9  9 J
 0.541937670  9  10  9 J
 0.576236096  9  11  9 J
 0.597305988  9  12  9 J
 0.647264537  9  13  9 J
 0.693563126  9  14  9 J
 0.711726447  9  0  9 J
 0.744085751  9  1  9 J
 0.786840990  9  2  9 J
 0.810759772  9  3  9 J
 0.837445636  9  4  9 J
 0.851485252  9  5  9 J
 0.888267702  9  6  9 J
 0.925595222  9  7  9 J
 0.965216113  9  8  9 J
 1.000225553  9  9  9 J
 1.022828863  9  10  9 J
 1.064014988  9  11  9 J
 1.108888209  9  12  9 J
 1.144655378  9  13  9 J
 1.162831023  9  14  9 J
 1.188044546  9  0  9 J
 1.219736845  9  1  9 J
 1.266982660  9  2  9 J
 1.297651353  9  3  9 J
 1.345601336  9  4  9 J
 1.380255269  9  5  9 J
 1.435747365  9  6  9 J
 1.457888972  9  7  9 J
 1.502160301  9  8  9 J
 1.517149624  9  9  9 J
 1.543591659  9  10  9 J
 1.572321941  9  11  9 J
 1.602073966  9  12  9 J
 1.623867669  9  13  9 J
 1.670195953  9  14  9 J
 1.688060488  9  0  9 J
 1.736712560  9  1  9 J
 1.764102339  9  2  9 J
 1.808223449  9  3  9 J
 1.845099150  9  4  9 J
 1.856218794  9  5  9 J
 1.890753509  9  6  9 J
 1.933188353  9  7  9 J
 1.966874950  9  8  9 J
 2.006137554  9  9  9 J
 2.029395469  9  10  9 J
 2.049464449  9  11  9 J
 2.069014378  9  12  9 J
 2.082839607  9  13  9 J
 2.097298692  9  14  9 J
 2.128379058  9  0  9 J
 2.158700698  9  1  9 J
 2.177036004  9  2  9 J
 2.212892666  9  3  9 J
 2.244688894  9  4  9 J
 2.269554560  9  5  9 J
 2.281623599  9  6  9 J
 2.304642603  9  7  9 J
 2.344015901  9  8  9 J
 2.355891637  9  9  9 J
 2.373303072  9  10  9 J
 2.393219304  9  11  9 J
 0.000736598  4  4  4 E
 0.024615623  4  4  3 E
 0.035531747  4  4  2 E
 0.076808363  4  4  1 E
 0.125089166  4  4  0 E
 0.136340079  4  4  14 E
 0.177065962  4  4  13 E
 0.215327447  4  4  12 E
 0.288713765  4  4  11 E
 0.319088599  4  4  10 E
 0.342593569  4  4  9 E
 0.390033705  4  4  8 E
 0.426857568  4  4  7 E
 0.469378156  4  4  6 E
 0.492547925  4  4  5 E
 0.521215429  4  4  4 E
 0.548837053  4  4  3 E
 0.589932244  4  4  2 E
 0.606699318  4  4  1 E
 0.637316429  4  4  0 E
 0.649333089  4  4  14 E
 0.675214996  4  4  13 E
 0.723799584  4  4  12 E
 0.744378223  4  4  11 E
 0.770595632  4  4  10 E
 0.781278619  4  4  9 E
 0.815157548  4  4  8 E
 0.836993446  4  4  7 E
 0.872398822  4  4  6 E
 0.903016658  4  4  5 E
 0.949566443  4  4  4 E
 0.960279450  4  4  3 E
 0.994633921  4  4  2 E
 1.012711504  4  4  1 E
 1.030826266  4  4  0 E
 1.061879655  4  4  14 E
 1.097521548  4  4  13 E
 1.113677693  4  4  12 E
 1.125583224  4  4  11 E
 1.165463270  4  4  10 E
 1.208105382  4  4  9 E
 1.235538477  4  4  8 E
 1.248588358  4  4  7 E
 1.265829605  4  4  6 E
 1.279393930  4  4  5 E
 1.317598043  4  4  4 E
 1.339475279  4  4  3 E
 1.372749990  4  4  2 E
 1.420794778  4  4  1 E
 1.460293188  4  4  0 E
 1.481703362  4  4  14 E
 1.526769508  4  4  13 E
 1.566706623  4  4  12 E
 1.615735786  4  4  11 E
 1.639318474  4  4  10 E
 1.653088499  4  4  9 E
 1.678033463  4  4  8 E
 1.725982527  4  4  7 E
 1.769738575  4  4  6 E
 1.784487895  4  4  5 E
 1.805914578  4  4  4 E
 1.828118837  4  4  3 E
 1.856969083  4  4  2 E
 1.882178943  4  4  1 E
 1.912073244  4  4  0 E
 1.931730944  4  4  14 E
 1.975054412  4  4  13 E
 2.020290847  4  4  12 E
 2.068703669  4  4  11 E
 2.094844208  4  4  10 E
 2.140741692  4  4  9 E
 2.187468326  4  4  8 E
 2.216651902  4  4  7 E
 2.228142739  4  4  6 E
 2.249685710  4  4  5 E
 2.294872376  4  4  4 E
 2.306138795  4  4  3 E
 2.317402738  4  4  2 E
 2.352519020  4  4  1 E
 2.373633885  4  4  0 E
 2.400814562  4  4  14 E
 2.431916146  4  4  13 E
 2.447146141  4  4  12 E
 2.489898039  4  4  11 E
 2.512672553  4  4  10 E
 2.528482709  4  4  9 E
 2.545643522  4  4  8 E
 2.595125433  4  4  7 E
 2.608607961  4  4  6 E
 2.652931470  4  4  5 E
 2.700393674  4  4  4 E
 2.743563366  4  4  3 E
 0.000665819  1  1  1 B
 0.049590235  1  0  1 B
 0.099019596  1  14  1 B
 0.145215937  1  13  1 B
 0.166635958  1  12  1 B
 0.202504369  1  11  1 B
 0.236894510  1  10  1 B
 0.277505854  1  9  1 B
 0.308893766  1  8  1 B
 0.329200017  1  7  1 B
 0.378333875  1  6  1 B
 0.401239267  1  5  1 B
 0.448268897  1  4  1 B
 0.485117637  1  3  1 B
 0.529579460  1  2  1 B
 0.551901819  1  1  1 B
 0.569717647  1  0  1 B
 0.603232591  1  14  1 B
 0.644037338  1  13  1 B
 0.691804441  1  12  1 B
 0.702195361  1  11  1 B
 0.739036107  1  10  1 B
 0.760090030  1  9  1 B
 0.794354568  1  8  1 B
 0.817833657  1  7  1 B
 0.864224656  1  6  1 B
 0.878147869  1  5  1 B
 0.908747384  1  4  1 B
 0.935057899  1  3  1 B
 0.959814409  1  2  1 B
 0.972313081  1  1  1 B
 1.007528525  1  0  1 B
 1.017837052  1  14  1 B
 1.039205753  1  13  1 B
 1.083587990  1  12  1 B
 1.099600923  1  11  1 B
 1.117828018  1  10  1 B
 1.135094932  1  9  1 B
 1.159632254  1  8  1 B
 1.182136924  1  7  1 B
 1.231724675  1  6  1 B
 1.257080045  1  5  1 B
 1.275156573  1  4  1 B
 1.314502599  1  3  1 B
 1.348097388  1  2  1 B
 1.358336355  1  1  1 B
 1.377630875  1  0  1 B
 1.387812387  1  14  1 B
 1.410185504  1  13  1 B
 1.439773108  1  12  1 B
 1.482682226  1  11  1 B
 1.504882852  1  10  1 B
 1.516452564  1  9  1 B
 1.547405157  1  8  1 B
 1.577087570  1  7  1 B
 1.625731266  1  6  1 B
 1.668854271  1  5  1 B
 1.705638683  1  4  1 B
 1.724182991  1  3  1 B
 1.771819161  1  2  1 B
 1.785114484  1  1  1 B
 1.831031781  1  0  1 B
 1.852712746  1  14  1 B
 1.880378423  1  13  1 B
 1.907825490  1  12  1 B
 1.929432522  1  11  1 B
 1.978676109  1  10  1 B
 2.000093381  1  9  1 B
 2.057316230  1  8  1 B
 2.104811616  1  7  1 B
 2.148517277  1  6  1 B
 2.160373509  1  5  1 B
 2.182609738  1  4  1 B
 2.201566830  1  3  1 B
 2.246114460  1  2  1 B
 2.262544524  1  1  1 B
 2.303650687  1  0  1 B
 2.321332658  1  14  1 B
 2.347164712  1  13  1 B
 2.378388511  1  12  1 B
 2.405507666  1  11  1 B
 2.422763273  1  10  1 B
 2.459653305  1  9  1 B
 2.484463331  1  8  1 B
 2.509974572  1  7  1 B
 2.545100856  1  6  1 B
 2.591553004  1  5  1 B
 2.617372404  1  4  1 B
 2.653983989  1  3  1 B
 2.695401132  1  2  1 B
 2.709899653  1  1  1 B
 2.742017890  1  0  1 B
 2.777950672  1  14  1 B
 2.805338068  1  13  1 B
 2.818160295  1  12  1 B
 2.867798739  1  11  1 B
 2.901850792  1  10  1 B
 2.912089107  1  9  1 B
 2.961227804  1  8  1 B
 2.986610751  1  7  1 B
 0.000917759  12  12  12 M
 0.054380550  12  12  13 M
 0.074912828  12  12  14 M
 0.101093039  12  12  0 M
 0.119871014  12  12  1 M
 0.145579781  12  12  2 M
 0.172425313  12  12  3 M
 0.217956675  12  12  4 M
 0.255279640  12  12  5 M
 0.282783550  12  12  6 M
 0.309517709  12  12  7 M
 0.337019755  12  12  8 M
 0.359710434  12  12  9 M
 0.408823920  12  12  10 M
 0.447833055  12  12  11 M
 0.468687664  12  12  12 M
 0.481837250  12  12  13 M
 0.496442660  12  12  14 M
 0.538932646  12  12  0 M
 0.565040865  12  12  1 M
 0.611782946  12  12  2 M
 0.637233525  12  12  3 M
 0.682955790  12  12  4 M
 0.732210797  12  12  5 M
 0.773867161  12  12  6 M
 0.819449243  12  12  7 M
 0.834130260  12  12  8 M
 0.866658663  12  12  9 M
 0.883557222  12  12  10 M
 0.907028617  12  12  11 M
 0.952596769  12  12  12 M
 0.988531025  12  12  13 M
 1.001008906  12  12  14 M
 1.014955980  12  12  0 M
 1.035460461  12  12  1 M
 1.083576996  12  12  2 M
 1.122110510  12  12  3 M
 1.156534157  12  12  4 M
 1.174986798  12  12  5 M
 1.191115083  12  12  6 M
 1.208106531  12  12  7 M
 1.222624966  12  12  8 M
 1.245765390  12  12  9 M
 1.288039430  12  12  10 M
 1.334140650  12  12  11 M
 1.366296866  12  12  12 M
 1.392937941  12  12  13 M
 1.438639091  12  12  14 M
 1.484908061  12  12  0 M
 1.520327172  12  12  1 M
 1.556486340  12  12  2 M
 1.586882298  12  12  3 M
 1.622506690  12  12  4 M
 1.655656389  12  12  5 M
 1.688024948  12  12  6 M
 1.735657121  12  12  7 M
 1.763762983  12  12  8 M
 1.813207330  12  12  9 M
 1.832437522  12  12  10 M
 1.876662172  12  12  11 M
 1.922535148  12  12  12 M
 1.971782518  12  12  13 M
 2.002919045  12  12  14 M
 2.038354857  12  12  0 M
 2.088113560  12  12  1 M
 2.130844379  12  12  2 M
 2.164602756  12  12  3 M
 2.205003230  12  12  4 M
 2.224784989  12  12  5 M
 2.254493149  12  12  6 M
 2.272463428  12  12  7 M
 2.304380167  12  12  8 M
 2.352058119  12  12  9 M
 2.383145551  12  12  10 M
 2.399479535  12  12  11 M
 2.427875799  12  12  12 M
 2.476177996  12  12  13 M
 2.492098717  12  12  14 M
 2.521507158  12  12  0 M
 2.554522148  12  12  1 M
 2.585406364  12  12  2 M
 2.631673401  12  12  3 M
 2.650578536  12  12  4 M
 2.670992785  12  12  5 M
 2.703449662  12  12  6 M
 2.724820069  12  12  7 M
 2.742058618  12  12  8 M
 2.789843006  12  12  9 M
 2.813840664  12  12  10 M
 2.850204748  12  12  11 M
 2.896703237  12  12  12 M
 2.912629321  12  12  13 M
 2.947358669  12  12  14 M
 2.992655669  12  12  0 M
 3.008065310  12  12  1 M
 3.028758411  12  12  2 M
